 002070   61947495401   34031X1           1   001   050520   00   000000   0   000000000000000   000   000000000000000   000   000000000000000      000000000001143847   000   000000001143847   0   0000000000   A   0   0000000000   A   000000   000000   000000000000000   000000000000000   0000A0000000
 002070   61947495401   40297X1           1   001   050520   00   000000   0   000000000000000   000   000000000000000   000   000000000000000      000000000000521785   000   000000000521785   0   0000000000   A   0   0000000000   A   000000   000000   000000000000000   000000000000000   0000A0000000
 002070   62790179301   58606X1           1   001   100520   00   000000   0   000000000000000   000   000000000000000   000   000000000000000      000000000000460026   000   000000000460026   0   0000000000   A   0   0000000000   A   000000   000000   000000000000000   000000000000000   0000A0000000
 002070   62790179301   34031X1           1   001   100520   00   000000   0   000000000000000   000   000000000000000   000   000000000000000      000000000001143847   000   000000001143847   0   0000000000   A   0   0000000000   A   000000   000000   000000000000000   000000000000000   0000A0000000
 002070   62790179301   32583X1           1   001   100520   00   000000   0   000000000000000   000   000000000000000   000   000000000000000      000000000000747275   000   000000000747275   0   0000000000   A   0   0000000000   A   000000   000000   000000000000000   000000000000000   0000A0000000
 002070   63322901501   34031X1           1   001   290520   00   000000   0   000000000000000   000   000000000000000   000   000000000000000      000000000001182738   000   000000001182738   0   0000000000   A   0   0000000000   A   000000   000000   000000000000000   000000000000000   0000A0000000
 002070   63322901501   58606X1           1   001   290520   00   000000   0   000000000000000   000   000000000000000   000   000000000000000      000000000000460026   000   000000000460026   0   0000000000   A   0   0000000000   A   000000   000000   000000000000000   000000000000000   0000A0000000
 002070   02212567601   180125            1   001   040520   00   000000   0   000000000000000   000   000000000000000   000   000000000000000      000000000004461403   000   000000004461403   0   0000005480   A   0   0000000000   A   000000   000000   000000000000000   000000000000000   0000A0000000
 002070   63314951804   420266            1   001   050520   00   000000   0   000000000000000   000   000000000000000   000   000000000000000      000000000001234702   000   000000001234702   0   0000000000   A   0   0000000000   A   000000   000000   000000000000000   000000000000000   0000A0000000
 002070   61947495401   420266            1   001   050520   00   000000   0   000000000000000   000   000000000000000   000   000000000000000      000000000001234702   000   000000001234702   0   0000000000   A   0   0000000000   A   000000   000000   000000000000000   000000000000000   0000A0000000
 002070   15200280901   420266            1   001   060520   00   000000   0   000000000000000   000   000000000000000   000   000000000000000      000000000001234702   000   000000001234702   0   0000000000   A   0   0000000000   A   000000   000000   000000000000000   000000000000000   0000A0000000
 002070   15202599001   420266            1   001   070520   00   000000   0   000000000000000   000   000000000000000   000   000000000000000      000000000001234702   000   000000001234702   0   0000000000   A   0   0000000000   A   000000   000000   000000000000000   000000000000000   0000A0000000
 002070   62790179301   420266            1   001   100520   00   000000   0   000000000000000   000   000000000000000   000   000000000000000      000000000001234702   000   000000001234702   0   0000000000   A   0   0000000000   A   000000   000000   000000000000000   000000000000000   0000A0000000
 002070   15207734502   420266            1   001   180520   00   000000   0   000000000000000   000   000000000000000   000   000000000000000      000000000001297335   000   000000001297335   0   0000000000   A   0   0000000000   A   000000   000000   000000000000000   000000000000000   0000A0000000
 002070   15202882402   180125            1   001   220520   00   000000   0   000000000000000   000   000000000000000   000   000000000000000      000000000004461403   000   000000004461403   0   0000000000   A   0   0000000000   A   000000   000000   000000000000000   000000000000000   0000A0000000
 002070   15204363701   420266            1   001   220520   00   000000   0   000000000000000   000   000000000000000   000   000000000000000      000000000001297335   000   000000001297335   0   0000000000   A   0   0000000000   A   000000   000000   000000000000000   000000000000000   0000A0000000
 002070   15203507301   420266            1   001   260520   00   000000   0   000000000000000   000   000000000000000   000   000000000000000      000000000001297335   000   000000001297335   0   0000000000   A   0   0000000000   A   000000   000000   000000000000000   000000000000000   0000A0000000
 002070   15207811201   420266            1   001   280520   00   000000   0   000000000000000   000   000000000000000   000   000000000000000      000000000001297335   000   000000001297335   0   0000000000   A   0   0000000000   A   000000   000000   000000000000000   000000000000000   0000A0000000
 002070   63322901501   420266            1   001   290520   00   000000   0   000000000000000   000   000000000000000   000   000000000000000      000000000001297335   000   000000001297335   0   0000000000   A   0   0000000000   A   000000   000000   000000000000000   000000000000000   0000A0000000
