 002070   61399494802   58606X1           1   001   310320   00   000000   0   000000000000000   000   000000000000000   000   000000000000000      000000000000460026   000   000000000460026   0   0000000000   A   0   0000000000   A   000000   000000   000000000000000   000000000000000   0000A0000000
 002070   61399494802   34031X1           1   001   310320   00   000000   0   000000000000000   000   000000000000000   000   000000000000000      000000000001143847   000   000000001143847   0   0000000000   A   0   0000000000   A   000000   000000   000000000000000   000000000000000   0000A0000000
 002070   61399494802   53609X1           1   001   310320   00   000000   0   000000000000000   000   000000000000000   000   000000000000000      000000000002339334   000   000000002339334   0   0000000000   A   0   0000000000   A   000000   000000   000000000000000   000000000000000   0000A0000000
 002070   63114099801   53609X1           1   001   010420   00   000000   0   000000000000000   000   000000000000000   000   000000000000000      000000000002339334   000   000000002339334   0   0000000000   A   0   0000000000   A   000000   000000   000000000000000   000000000000000   0000A0000000
 002070   63114099801   34031X1           1   001   010420   00   000000   0   000000000000000   000   000000000000000   000   000000000000000      000000000001143847   000   000000001143847   0   0000000000   A   0   0000000000   A   000000   000000   000000000000000   000000000000000   0000A0000000
 002070   00000000000   58606X1           1   001   020420   00   000000   0   000000000000000   000   000000000000000   000   000000000000000      000000000000460026   000   000000000460026   0   0000000000   A   0   0000000000   A   000000   000000   000000000000000   000000000000000   0000A0000000
 002070   00000000000   34031X1           1   001   020420   00   000000   0   000000000000000   000   000000000000000   000   000000000000000      000000000001143847   000   000000001143847   0   0000000000   A   0   0000000000   A   000000   000000   000000000000000   000000000000000   0000A0000000
 002070   63082850302   58606X1           1   001   030420   00   000000   0   000000000000000   000   000000000000000   000   000000000000000      000000000000460026   000   000000000460026   0   0000000000   A   0   0000000000   A   000000   000000   000000000000000   000000000000000   0000A0000000
 002070   63082850302   34031X1           1   001   030420   00   000000   0   000000000000000   000   000000000000000   000   000000000000000      000000000001143847   000   000000001143847   0   0000000000   A   0   0000000000   A   000000   000000   000000000000000   000000000000000   0000A0000000
 002070   61809723501   34031X1           1   001   050420   00   000000   0   000000000000000   000   000000000000000   000   000000000000000      000000000001143847   000   000000001143847   0   0000000000   A   0   0000000000   A   000000   000000   000000000000000   000000000000000   0000A0000000
 002070   61809723501   53609X1           1   001   050420   00   000000   0   000000000000000   000   000000000000000   000   000000000000000      000000000002339334   000   000000002339334   0   0000000000   A   0   0000000000   A   000000   000000   000000000000000   000000000000000   0000A0000000
 002070   15209014701   58373X1           1   001   070420   00   000000   0   000000000000000   000   000000000000000   000   000000000000000      000000000000367140   000   000000000367140   0   0000000000   A   0   0000000000   A   000000   000000   000000000000000   000000000000000   0000A0000000
 002070   15209014701   29366X1           1   001   070420   00   000000   0   000000000000000   000   000000000000000   000   000000000000000      000000000000498756   000   000000000498756   0   0000000000   A   0   0000000000   A   000000   000000   000000000000000   000000000000000   0000A0000000
 002070   15209014701   58606X1           1   001   070420   00   000000   0   000000000000000   000   000000000000000   000   000000000000000      000000000000460026   000   000000000460026   0   0000000000   A   0   0000000000   A   000000   000000   000000000000000   000000000000000   0000A0000000
 002070   62734805901   34031X1           1   001   100420   00   000000   0   000000000000000   000   000000000000000   000   000000000000000      000000000001143847   000   000000001143847   0   0000000000   A   0   0000000000   A   000000   000000   000000000000000   000000000000000   0000A0000000
 002070   62734805901   58606X1           1   001   100420   00   000000   0   000000000000000   000   000000000000000   000   000000000000000      000000000000460026   000   000000000460026   0   0000000000   A   0   0000000000   A   000000   000000   000000000000000   000000000000000   0000A0000000
 002070   15205601104   41926X1           1   001   110420   00   000000   0   000000000000000   000   000000000000000   000   000000000000000      000000000000559741   000   000000000559741   0   0000000000   A   0   0000000000   A   000000   000000   000000000000000   000000000000000   0000A0000000
 002070   15205601104   58606X1           1   001   110420   00   000000   0   000000000000000   000   000000000000000   000   000000000000000      000000000000460026   000   000000000460026   0   0000000000   A   0   0000000000   A   000000   000000   000000000000000   000000000000000   0000A0000000
 002070   63022675901   29366X1           1   001   140420   00   000000   0   000000000000000   000   000000000000000   000   000000000000000      000000000000498756   000   000000000498756   0   0000000000   A   0   0000000000   A   000000   000000   000000000000000   000000000000000   0000A0000000
 002070   63022675901   58606X1           1   001   140420   00   000000   0   000000000000000   000   000000000000000   000   000000000000000      000000000000460026   000   000000000460026   0   0000000000   A   0   0000000000   A   000000   000000   000000000000000   000000000000000   0000A0000000
 002070   68708090001   34031X1           1   001   180420   00   000000   0   000000000000000   000   000000000000000   000   000000000000000      000000000001143847   000   000000001143847   0   0000000000   A   0   0000000000   A   000000   000000   000000000000000   000000000000000   0000A0000000
 002070   68708090001   58606X1           1   001   180420   00   000000   0   000000000000000   000   000000000000000   000   000000000000000      000000000000460026   000   000000000460026   0   0000000000   A   0   0000000000   A   000000   000000   000000000000000   000000000000000   0000A0000000
 002070   68708090001   53609X1           1   001   180420   00   000000   0   000000000000000   000   000000000000000   000   000000000000000      000000000000533176   000   000000000533176   0   0000000000   A   0   0000000000   A   000000   000000   000000000000000   000000000000000   0000A0000000
 002070   63104068302   40297X1           1   001   190420   00   000000   0   000000000000000   000   000000000000000   000   000000000000000      000000000000521785   000   000000000521785   0   0000000000   A   0   0000000000   A   000000   000000   000000000000000   000000000000000   0000A0000000
 002070   63104068302   53609X1           1   001   190420   00   000000   0   000000000000000   000   000000000000000   000   000000000000000      000000000000533176   000   000000000533176   0   0000000000   A   0   0000000000   A   000000   000000   000000000000000   000000000000000   0000A0000000
 002070   63152963102   34031X1           1   001   200420   00   000000   0   000000000000000   000   000000000000000   000   000000000000000      000000000001143847   000   000000001143847   0   0000000000   A   0   0000000000   A   000000   000000   000000000000000   000000000000000   0000A0000000
 002070   63152963102   58606X1           1   001   200420   00   000000   0   000000000000000   000   000000000000000   000   000000000000000      000000000000460026   000   000000000460026   0   0000000000   A   0   0000000000   A   000000   000000   000000000000000   000000000000000   0000A0000000
 002070   63091116802   40297X1           1   001   230420   00   000000   0   000000000000000   000   000000000000000   000   000000000000000      000000000000521785   000   000000000521785   0   0000000000   A   0   0000000000   A   000000   000000   000000000000000   000000000000000   0000A0000000
 002070   63091116802   41926X1           1   001   230420   00   000000   0   000000000000000   000   000000000000000   000   000000000000000      000000000000559741   000   000000000559741   0   0000000000   A   0   0000000000   A   000000   000000   000000000000000   000000000000000   0000A0000000
 002070   63301178802   58373X1           1   001   240420   00   000000   0   000000000000000   000   000000000000000   000   000000000000000      000000000000367140   000   000000000367140   0   0000000000   A   0   0000000000   A   000000   000000   000000000000000   000000000000000   0000A0000000
 002070   63301178802   34031X1           1   001   240420   00   000000   0   000000000000000   000   000000000000000   000   000000000000000      000000000001143847   000   000000001143847   0   0000000000   A   0   0000000000   A   000000   000000   000000000000000   000000000000000   0000A0000000
 002070   63301178802   29366X1           1   001   240420   00   000000   0   000000000000000   000   000000000000000   000   000000000000000      000000000000498756   000   000000000498756   0   0000000000   A   0   0000000000   A   000000   000000   000000000000000   000000000000000   0000A0000000
 002070   63209478701   36396X1           1   001   250420   00   000000   0   000000000000000   000   000000000000000   000   000000000000000      000000000000064000   000   000000000064000   0   0000000000   A   0   0000000000   A   000000   000000   000000000000000   000000000000000   0000A0000000
 002070   63209478701   58606X1           1   001   250420   00   000000   0   000000000000000   000   000000000000000   000   000000000000000      000000000000460026   000   000000000460026   0   0000000000   A   0   0000000000   A   000000   000000   000000000000000   000000000000000   0000A0000000
 002070   63209478701   34031X1           1   001   250420   00   000000   0   000000000000000   000   000000000000000   000   000000000000000      000000000001143847   000   000000001143847   0   0000000000   A   0   0000000000   A   000000   000000   000000000000000   000000000000000   0000A0000000
 002070   63209478701   53609X1           1   001   250420   00   000000   0   000000000000000   000   000000000000000   000   000000000000000      000000000000533176   000   000000000533176   0   0000000000   A   0   0000000000   A   000000   000000   000000000000000   000000000000000   0000A0000000
 002070   62728143401   58606X1           1   001   280420   00   000000   0   000000000000000   000   000000000000000   000   000000000000000      000000000000460026   000   000000000460026   0   0000000000   A   0   0000000000   A   000000   000000   000000000000000   000000000000000   0000A0000000
 002070   62728143401   41926X1           1   001   280420   00   000000   0   000000000000000   000   000000000000000   000   000000000000000      000000000000559741   000   000000000559741   0   0000000000   A   0   0000000000   A   000000   000000   000000000000000   000000000000000   0000A0000000
 002070   15206666101   180125            1   001   260320   00   000000   0   000000000000000   000   000000000000000   000   000000000000000      000000000004461403   000   000000004461403   0   0000005480   A   0   0000000000   A   000000   000000   000000000000000   000000000000000   0000A0000000
 002070   61334911201   180125            1   001   270320   00   000000   0   000000000000000   000   000000000000000   000   000000000000000      000000000004461403   000   000000004461403   0   0000005480   A   0   0000000000   A   000000   000000   000000000000000   000000000000000   0000A0000000
 002070   61808022701   180125            1   001   300320   00   000000   0   000000000000000   000   000000000000000   000   000000000000000      000000000004461403   000   000000004461403   0   0000000000   A   0   0000000000   A   000000   000000   000000000000000   000000000000000   0000A0000000
 002070   61399494802   420266            1   001   310320   00   000000   0   000000000000000   000   000000000000000   000   000000000000000      000000000001234702   000   000000001234702   0   0000000000   A   0   0000000000   A   000000   000000   000000000000000   000000000000000   0000A0000000
 002070   63114099801   420266            1   001   010420   00   000000   0   000000000000000   000   000000000000000   000   000000000000000      000000000001251357   000   000000001251357   0   0000000000   A   0   0000000000   A   000000   000000   000000000000000   000000000000000   0000A0000000
 002070   00000000000   420266            1   001   020420   00   000000   0   000000000000000   000   000000000000000   000   000000000000000      000000000001234702   000   000000001234702   0   0000000000   A   0   0000000000   A   000000   000000   000000000000000   000000000000000   0000A0000000
 002070   00000000000   420266            1   001   020420   00   000000   0   000000000000000   000   000000000000000   000   000000000000000      000000000001234702   000   000000001234702   0   0000000000   A   0   0000000000   A   000000   000000   000000000000000   000000000000000   0000A0000000
 002070   63082850302   420266            1   001   030420   00   000000   0   000000000000000   000   000000000000000   000   000000000000000      000000000001234702   000   000000001234702   0   0000000000   A   0   0000000000   A   000000   000000   000000000000000   000000000000000   0000A0000000
 002070   61809723501   420266            1   001   050420   00   000000   0   000000000000000   000   000000000000000   000   000000000000000      000000000001234702   000   000000001234702   0   0000000000   A   0   0000000000   A   000000   000000   000000000000000   000000000000000   0000A0000000
 002070   63141414101   420266            1   001   050420   00   000000   0   000000000000000   000   000000000000000   000   000000000000000      000000000001234702   000   000000001234702   0   0000000000   A   0   0000000000   A   000000   000000   000000000000000   000000000000000   0000A0000000
 002070   15209014701   420266            1   001   070420   00   000000   0   000000000000000   000   000000000000000   000   000000000000000      000000000001425945   000   000000001425945   0   0000000000   A   0   0000000000   A   000000   000000   000000000000000   000000000000000   0000A0000000
 002070   13222261201   420266            1   001   070420   00   000000   0   000000000000000   000   000000000000000   000   000000000000000      000000000001234702   000   000000001234702   0   0000000000   A   0   0000000000   A   000000   000000   000000000000000   000000000000000   0000A0000000
 002070   62734805901   420266            1   001   100420   00   000000   0   000000000000000   000   000000000000000   000   000000000000000      000000000001234702   000   000000001234702   0   0000000000   A   0   0000000000   A   000000   000000   000000000000000   000000000000000   0000A0000000
 002070   15205601104   420266            1   001   110420   00   000000   0   000000000000000   000   000000000000000   000   000000000000000      000000000001234702   000   000000001234702   0   0000000000   A   0   0000000000   A   000000   000000   000000000000000   000000000000000   0000A0000000
 002070   62333327801   185238            1   001   130420   00   000000   0   000000004461403   000   000000000000000   000   000000000000000      000000000000000000   000   000000004461403   0   0000000000   A   0   0000000000   A   000000   000000   000000000000000   000000000000000   0000A0000000
 002070   63082850302   420266            1   001   140420   00   000000   0   000000000000000   000   000000000000000   000   000000000000000      000000000001234702   000   000000001234702   0   0000000000   A   0   0000000000   A   000000   000000   000000000000000   000000000000000   0000A0000000
 002070   63022675901   420266            1   001   140420   00   000000   0   000000000000000   000   000000000000000   000   000000000000000      000000000001234702   000   000000001234702   0   0000000000   A   0   0000000000   A   000000   000000   000000000000000   000000000000000   0000A0000000
 002070   62153356303   420266            1   001   150420   00   000000   0   000000000000000   000   000000000000000   000   000000000000000      000000000001234702   000   000000001234702   0   0000000000   A   0   0000000000   A   000000   000000   000000000000000   000000000000000   0000A0000000
 002070   63082850302   430201            1   005   150420   00   000000   0   000000000000000   000   000000000000000   000   000000000000000      000000000000173562   000   000000000867808   0   0000000000   A   0   0000000000   A   000000   000000   000000000000000   000000000000000   0000A0000000
 002070   63082850302   420266            1   001   150420   00   000000   0   000000000000000   000   000000000000000   000   000000000000000      000000000001234702   000   000000001234702   0   0000000000   A   0   0000000000   A   000000   000000   000000000000000   000000000000000   0000A0000000
 002070   35202973101   180125            1   001   160420   00   000000   0   000000004461403   000   000000000000000   000   000000000000000      000000000000000000   000   000000004461403   0   0000000000   A   0   0000000000   A   000000   000000   000000000000000   000000000000000   0000A0000000
 002070   63084016301   420266            1   001   160420   00   000000   0   000000000000000   000   000000000000000   000   000000000000000      000000000001234702   000   000000001234702   0   0000000000   A   0   0000000000   A   000000   000000   000000000000000   000000000000000   0000A0000000
 002070   15203858702   180125            1   001   170420   00   000000   0   000000004461403   000   000000000000000   000   000000000000000      000000000000000000   000   000000004461403   0   0000005480   A   0   0000000000   A   000000   000000   000000000000000   000000000000000   0000A0000000
 002070   15207139802   180125            1   001   170420   00   000000   0   000000004461403   000   000000000000000   000   000000000000000      000000000000000000   000   000000004461403   0   0000005480   A   0   0000000000   A   000000   000000   000000000000000   000000000000000   0000A0000000
 002070   68708090001   420266            1   001   180420   00   000000   0   000000000000000   000   000000000000000   000   000000000000000      000000000001234702   000   000000001234702   0   0000000000   A   0   0000000000   A   000000   000000   000000000000000   000000000000000   0000A0000000
 002070   63104068302   420266            1   001   190420   00   000000   0   000000000000000   000   000000000000000   000   000000000000000      000000000001251357   000   000000001251357   0   0000000000   A   0   0000000000   A   000000   000000   000000000000000   000000000000000   0000A0000000
 002070   61705577601   180125            1   001   200420   00   000000   0   000000004461403   000   000000000000000   000   000000000000000      000000000000000000   000   000000004461403   0   0000005480   A   0   0000000000   A   000000   000000   000000000000000   000000000000000   0000A0000000
 002070   63152963102   420266            1   001   200420   00   000000   0   000000000000000   000   000000000000000   000   000000000000000      000000000001234702   000   000000001234702   0   0000000000   A   0   0000000000   A   000000   000000   000000000000000   000000000000000   0000A0000000
 002070   62793283401   180125            1   001   220420   00   000000   0   000000004461403   000   000000000000000   000   000000000000000      000000000000000000   000   000000004461403   0   0000005480   A   0   0000000000   A   000000   000000   000000000000000   000000000000000   0000A0000000
 002070   62734970501   180125            1   001   220420   00   000000   0   000000004461403   000   000000000000000   000   000000000000000      000000000000000000   000   000000004461403   0   0000005480   A   0   0000000000   A   000000   000000   000000000000000   000000000000000   0000A0000000
 002070   61972751801   180125            1   001   220420   00   000000   0   000000004461403   000   000000000000000   000   000000000000000      000000000000000000   000   000000004461403   0   0000000000   A   0   0000000000   A   000000   000000   000000000000000   000000000000000   0000A0000000
 002070   63091116802   420266            1   001   230420   00   000000   0   000000000000000   000   000000000000000   000   000000000000000      000000000001234702   000   000000001234702   0   0000000000   A   0   0000000000   A   000000   000000   000000000000000   000000000000000   0000A0000000
 002070   63301178802   420266            1   001   240420   00   000000   0   000000000000000   000   000000000000000   000   000000000000000      000000000001234702   000   000000001234702   0   0000000000   A   0   0000000000   A   000000   000000   000000000000000   000000000000000   0000A0000000
 002070   63030798802   420266            1   001   240420   00   000000   0   000000000000000   000   000000000000000   000   000000000000000      000000000001234702   000   000000001234702   0   0000000000   A   0   0000000000   A   000000   000000   000000000000000   000000000000000   0000A0000000
 002070   63209478701   420266            1   001   250420   00   000000   0   000000000000000   000   000000000000000   000   000000000000000      000000000001251357   000   000000001251357   0   0000000000   A   0   0000000000   A   000000   000000   000000000000000   000000000000000   0000A0000000
 002070   63056736001   420266            1   001   260420   00   000000   0   000000000000000   000   000000000000000   000   000000000000000      000000000001234702   000   000000001234702   0   0000000000   A   0   0000000000   A   000000   000000   000000000000000   000000000000000   0000A0000000
 002070   63082850302   430201            1   010   270420   00   000000   0   000000000000000   000   000000000000000   000   000000000000000      000000000000173562   000   000000001735615   0   0000000000   A   0   0000000000   A   000000   000000   000000000000000   000000000000000   0000A0000000
 002070   00000000000   420266            1   001   270420   00   000000   0   000000000000000   000   000000000000000   000   000000000000000      000000000001234702   000   000000001234702   0   0000000000   A   0   0000000000   A   000000   000000   000000000000000   000000000000000   0000A0000000
 002070   62728143401   420266            1   001   280420   00   000000   0   000000000000000   000   000000000000000   000   000000000000000      000000000001234702   000   000000001234702   0   0000000000   A   0   0000000000   A   000000   000000   000000000000000   000000000000000   0000A0000000
 002070   62728143401   420266            1   001   290420   00   000000   0   000000000000000   000   000000000000000   000   000000000000000      000000000001234702   000   000000001234702   0   0000000000   A   0   0000000000   A   000000   000000   000000000000000   000000000000000   0000A0000000
 002070   61887751607   420266            1   001   290420   00   000000   0   000000000000000   000   000000000000000   000   000000000000000      000000000001234702   000   000000001234702   0   0000000000   A   0   0000000000   A   000000   000000   000000000000000   000000000000000   0000A0000000
