 002070   61389271101   34031X1           1   001   030720   00   000000   0   000000000000000   000   000000000000000   000   000000000000000      000000000001206392   000   000000001206392   0   0000000000   A   0   0000000000   A   000000   000000   000000000000000   000000000000000   0000A0000000
 002070   61389271101   58606X1           1   001   030720   00   000000   0   000000000000000   000   000000000000000   000   000000000000000      000000000000487627   000   000000000487627   0   0000000000   A   0   0000000000   A   000000   000000   000000000000000   000000000000000   0000A0000000
 002070   61013679705   34031X1           1   001   030720   00   000000   0   000000000000000   000   000000000000000   000   000000000000000      000000000001206392   000   000000001206392   0   0000000000   A   0   0000000000   A   000000   000000   000000000000000   000000000000000   0000A0000000
 002070   61013679705   58606X1           1   001   030720   00   000000   0   000000000000000   000   000000000000000   000   000000000000000      000000000000487627   000   000000000487627   0   0000000000   A   0   0000000000   A   000000   000000   000000000000000   000000000000000   0000A0000000
 002070   61656323901   34031X1           1   001   060720   00   000000   0   000000000000000   000   000000000000000   000   000000000000000      000000000001206392   000   000000001206392   0   0000000000   A   0   0000000000   A   000000   000000   000000000000000   000000000000000   0000A0000000
 002070   61656323901   58606X1           1   001   060720   00   000000   0   000000000000000   000   000000000000000   000   000000000000000      000000000000487627   000   000000000487627   0   0000000000   A   0   0000000000   A   000000   000000   000000000000000   000000000000000   0000A0000000
 002070   61656323901   29366X1           1   001   060720   00   000000   0   000000000000000   000   000000000000000   000   000000000000000      000000000000528681   000   000000000528681   0   0000000000   A   0   0000000000   A   000000   000000   000000000000000   000000000000000   0000A0000000
 002070   61656323901   58373X1           1   001   060720   00   000000   0   000000000000000   000   000000000000000   000   000000000000000      000000000000389168   000   000000000389168   0   0000000000   A   0   0000000000   A   000000   000000   000000000000000   000000000000000   0000A0000000
 002070   62517526201   53609X1           1   001   070720   00   000000   0   000000000000000   000   000000000000000   000   000000000000000      000000000000543839   000   000000000543839   0   0000000000   A   0   0000000000   A   000000   000000   000000000000000   000000000000000   0000A0000000
 002070   62517526201   34031X1           1   001   070720   00   000000   0   000000000000000   000   000000000000000   000   000000000000000      000000000001206392   000   000000001206392   0   0000000000   A   0   0000000000   A   000000   000000   000000000000000   000000000000000   0000A0000000
 002070   00000000000   34031X1           1   001   200720   00   000000   0   000000000000000   000   000000000000000   000   000000000000000      000000000001206392   000   000000001206392   0   0000000000   A   0   0000000000   A   000000   000000   000000000000000   000000000000000   0000A0000000
 002070   00000000000   53609X1           1   001   200720   00   000000   0   000000000000000   000   000000000000000   000   000000000000000      000000000000543839   000   000000000543839   0   0000000000   A   0   0000000000   A   000000   000000   000000000000000   000000000000000   0000A0000000
 002070   00000000000   32583X1           1   001   200720   00   000000   0   000000000000000   000   000000000000000   000   000000000000000      000000000000747275   000   000000000747275   0   0000000000   A   0   0000000000   A   000000   000000   000000000000000   000000000000000   0000A0000000
 002070   61013679705   420266            1   001   030720   00   000000   0   000000000000000   000   000000000000000   000   000000000000000      000000000001297335   000   000000001297335   0   0000000000   A   0   0000000000   A   000000   000000   000000000000000   000000000000000   0000A0000000
 002070   61389271101   420266            1   001   030720   00   000000   0   000000000000000   000   000000000000000   000   000000000000000      000000000001297335   000   000000001297335   0   0000000000   A   0   0000000000   A   000000   000000   000000000000000   000000000000000   0000A0000000
 002070   62931241801   420266            1   001   060720   00   000000   0   000000000000000   000   000000000000000   000   000000000000000      000000000001297335   000   000000001297335   0   0000000000   A   0   0000000000   A   000000   000000   000000000000000   000000000000000   0000A0000000
 002070   61656323901   420266            1   001   060720   00   000000   0   000000000000000   000   000000000000000   000   000000000000000      000000000001297335   000   000000001297335   0   0000000000   A   0   0000000000   A   000000   000000   000000000000000   000000000000000   0000A0000000
 002070   62517526201   420266            1   001   070720   00   000000   0   000000000000000   000   000000000000000   000   000000000000000      000000000001297335   000   000000001297335   0   0000000000   A   0   0000000000   A   000000   000000   000000000000000   000000000000000   0000A0000000
 002070   62517526201   420266            1   001   090720   00   000000   0   000000000000000   000   000000000000000   000   000000000000000      000000000001297335   000   000000001297335   0   0000000000   A   0   0000000000   A   000000   000000   000000000000000   000000000000000   0000A0000000
 002070   00000000000   420266            1   001   200720   00   000000   0   000000000000000   000   000000000000000   000   000000000000000      000000000001365395   000   000000001365395   0   0000000000   A   0   0000000000   A   000000   000000   000000000000000   000000000000000   0000A0000000
 002070   08202148001   420266            1   001   230720   00   000000   0   000000000000000   000   000000000000000   000   000000000000000      000000000001365395   000   000000001365395   0   0000000000   A   0   0000000000   A   000000   000000   000000000000000   000000000000000   0000A0000000
