 002070   61996149902   53609X1           1   001   040720   00   000000   0   000000000000000   000   000000000000000   000   000000000000000      000000000000543839   000   000000000543839   0   0000000000   A   0   0000000000   A   000000   000000   000000000000000   000000000000000   0000A0000000
 002070   61996149902   58606X1           1   001   040720   00   000000   0   000000000000000   000   000000000000000   000   000000000000000      000000000000487627   000   000000000487627   0   0000000000   A   0   0000000000   A   000000   000000   000000000000000   000000000000000   0000A0000000
 002070   61996149902   34031X1           1   001   040720   00   000000   0   000000000000000   000   000000000000000   000   000000000000000      000000000001206392   000   000000001206392   0   0000000000   A   0   0000000000   A   000000   000000   000000000000000   000000000000000   0000A0000000
 002070   63217437302   34031X1           1   001   060720   00   000000   0   000000000000000   000   000000000000000   000   000000000000000      000000000001206392   000   000000001206392   0   0000000000   A   0   0000000000   A   000000   000000   000000000000000   000000000000000   0000A0000000
 002070   63217437302   40297X1           1   001   060720   00   000000   0   000000000000000   000   000000000000000   000   000000000000000      000000000000521785   000   000000000521785   0   0000000000   A   0   0000000000   A   000000   000000   000000000000000   000000000000000   0000A0000000
 002070   62467428102   34031X1           1   001   100720   00   000000   0   000000000000000   000   000000000000000   000   000000000000000      000000000001206392   000   000000001206392   0   0000000000   A   0   0000000000   A   000000   000000   000000000000000   000000000000000   0000A0000000
 002070   62467428102   32583X1           1   001   100720   00   000000   0   000000000000000   000   000000000000000   000   000000000000000      000000000000747275   000   000000000747275   0   0000000000   A   0   0000000000   A   000000   000000   000000000000000   000000000000000   0000A0000000
 002070   63110445201   58606X1           1   001   120720   00   000000   0   000000000000000   000   000000000000000   000   000000000000000      000000000000487627   000   000000000487627   0   0000000000   A   0   0000000000   A   000000   000000   000000000000000   000000000000000   0000A0000000
 002070   61809723502   34031X1           1   001   150720   00   000000   0   000000000000000   000   000000000000000   000   000000000000000      000000000001206392   000   000000001206392   0   0000000000   A   0   0000000000   A   000000   000000   000000000000000   000000000000000   0000A0000000
 002070   61809723502   53609X1           1   001   150720   00   000000   0   000000000000000   000   000000000000000   000   000000000000000      000000000000543839   000   000000000543839   0   0000000000   A   0   0000000000   A   000000   000000   000000000000000   000000000000000   0000A0000000
 002070   61809723502   58606X1           1   001   150720   00   000000   0   000000000000000   000   000000000000000   000   000000000000000      000000000000487627   000   000000000487627   0   0000000000   A   0   0000000000   A   000000   000000   000000000000000   000000000000000   0000A0000000
 002070   63199779101   58606X1           1   001   170720   00   000000   0   000000000000000   000   000000000000000   000   000000000000000      000000000000487627   000   000000000487627   0   0000000000   A   0   0000000000   A   000000   000000   000000000000000   000000000000000   0000A0000000
 002070   63199779101   41926X1           1   001   170720   00   000000   0   000000000000000   000   000000000000000   000   000000000000000      000000000000559741   000   000000000559741   0   0000000000   A   0   0000000000   A   000000   000000   000000000000000   000000000000000   0000A0000000
 002070   11229803102   34031X1           1   001   200720   00   000000   0   000000000000000   000   000000000000000   000   000000000000000      000000000001206392   000   000000001206392   0   0000000000   A   0   0000000000   A   000000   000000   000000000000000   000000000000000   0000A0000000
 002070   11229803102   32583X1           1   001   200720   00   000000   0   000000000000000   000   000000000000000   000   000000000000000      000000000000747275   000   000000000747275   0   0000000000   A   0   0000000000   A   000000   000000   000000000000000   000000000000000   0000A0000000
 002070   11229803102   53609X1           1   001   200720   00   000000   0   000000000000000   000   000000000000000   000   000000000000000      000000000000543839   000   000000000543839   0   0000000000   A   0   0000000000   A   000000   000000   000000000000000   000000000000000   0000A0000000
 002070   61427528701   58606X1           1   001   240720   00   000000   0   000000000000000   000   000000000000000   000   000000000000000      000000000000487627   000   000000000487627   0   0000000000   A   0   0000000000   A   000000   000000   000000000000000   000000000000000   0000A0000000
 002070   61427528701   34031X1           1   001   240720   00   000000   0   000000000000000   000   000000000000000   000   000000000000000      000000000001206392   000   000000001206392   0   0000000000   A   0   0000000000   A   000000   000000   000000000000000   000000000000000   0000A0000000
 002070   60831369506   58606X1           1   001   260720   00   000000   0   000000000000000   000   000000000000000   000   000000000000000      000000000000487627   000   000000000487627   0   0000000000   A   0   0000000000   A   000000   000000   000000000000000   000000000000000   0000A0000000
 002070   60831369506   34031X1           1   001   260720   00   000000   0   000000000000000   000   000000000000000   000   000000000000000      000000000001206392   000   000000001206392   0   0000000000   A   0   0000000000   A   000000   000000   000000000000000   000000000000000   0000A0000000
 002070   62193041403   41926X1           1   001   260720   00   000000   0   000000000000000   000   000000000000000   000   000000000000000      000000000000559741   000   000000000559741   0   0000000000   A   0   0000000000   A   000000   000000   000000000000000   000000000000000   0000A0000000
 002070   62193041403   58373X1           1   001   260720   00   000000   0   000000000000000   000   000000000000000   000   000000000000000      000000000000389168   000   000000000389168   0   0000000000   A   0   0000000000   A   000000   000000   000000000000000   000000000000000   0000A0000000
 002070   62193041403   29366X1           1   001   260720   00   000000   0   000000000000000   000   000000000000000   000   000000000000000      000000000000528681   000   000000000528681   0   0000000000   A   0   0000000000   A   000000   000000   000000000000000   000000000000000   0000A0000000
 002070   15220745320   180125            1   001   010720   00   000000   0   000000004461403   000   000000000000000   000   000000000000000      000000000000000000   000   000000004461403   0   0000000000   A   0   0000000000   A   000000   000000   000000000000000   000000000000000   0000A0000000
 002070   15207453201   180125            1   001   010720   00   000000   0   000000004461403   000   000000000000000   000   000000000000000      000000000000000000   000   000000004461403   0   0000000000   A   0   0000000000   A   000000   000000   000000000000000   000000000000000   0000A0000000
 002070   61996149902   420266            1   001   040720   00   000000   0   000000000000000   000   000000000000000   000   000000000000000      000000000001297335   000   000000001297335   0   0000000000   A   0   0000000000   A   000000   000000   000000000000000   000000000000000   0000A0000000
 002070   63217437302   420266            1   001   060720   00   000000   0   000000000000000   000   000000000000000   000   000000000000000      000000000001314835   000   000000001314835   0   0000000000   A   0   0000000000   A   000000   000000   000000000000000   000000000000000   0000A0000000
 002070   63156329501   420266            1   001   060720   00   000000   0   000000000000000   000   000000000000000   000   000000000000000      000000000001297335   000   000000001297335   0   0000000000   A   0   0000000000   A   000000   000000   000000000000000   000000000000000   0000A0000000
 002070   00000000000   420266            1   001   090720   00   000000   0   000000000000000   000   000000000000000   000   000000000000000      000000000001297335   000   000000001297335   0   0000000000   A   0   0000000000   A   000000   000000   000000000000000   000000000000000   0000A0000000
 002070   62467428102   420266            1   001   100720   00   000000   0   000000000000000   000   000000000000000   000   000000000000000      000000000001297335   000   000000001297335   0   0000000000   A   0   0000000000   A   000000   000000   000000000000000   000000000000000   0000A0000000
 002070   63268467303   420266            1   001   100720   00   000000   0   000000000000000   000   000000000000000   000   000000000000000      000000000001297335   000   000000001297335   0   0000000000   A   0   0000000000   A   000000   000000   000000000000000   000000000000000   0000A0000000
 002070   63110445201   420266            1   001   120720   00   000000   0   000000000000000   000   000000000000000   000   000000000000000      000000000001297335   000   000000001297335   0   0000000000   A   0   0000000000   A   000000   000000   000000000000000   000000000000000   0000A0000000
 002070   61809723502   420266            1   001   150720   00   000000   0   000000000000000   000   000000000000000   000   000000000000000      000000000001365395   000   000000001365395   0   0000000000   A   0   0000000000   A   000000   000000   000000000000000   000000000000000   0000A0000000
 002070   62760308302   420266            1   001   160720   00   000000   0   000000000000000   000   000000000000000   000   000000000000000      000000000001365395   000   000000001365395   0   0000000000   A   0   0000000000   A   000000   000000   000000000000000   000000000000000   0000A0000000
 002070   63199779101   420266            1   001   170720   00   000000   0   000000000000000   000   000000000000000   000   000000000000000      000000000001365395   000   000000001365395   0   0000000000   A   0   0000000000   A   000000   000000   000000000000000   000000000000000   0000A0000000
 002070   11229803102   420266            1   001   190720   00   000000   0   000000000000000   000   000000000000000   000   000000000000000      000000000001365395   000   000000001365395   0   0000000000   A   0   0000000000   A   000000   000000   000000000000000   000000000000000   0000A0000000
 002070   61209237103   180125            1   001   230720   00   000000   0   000000004461403   000   000000000000000   000   000000000000000      000000000000000000   000   000000004461403   0   0000005480   A   0   0000000000   A   000000   000000   000000000000000   000000000000000   0000A0000000
 002070   62983739101   420266            1   001   230720   00   000000   0   000000000000000   000   000000000000000   000   000000000000000      000000000001365395   000   000000001365395   0   0000000000   A   0   0000000000   A   000000   000000   000000000000000   000000000000000   0000A0000000
 002070   61427528701   420266            1   001   240720   00   000000   0   000000000000000   000   000000000000000   000   000000000000000      000000000001365395   000   000000001365395   0   0000000000   A   0   0000000000   A   000000   000000   000000000000000   000000000000000   0000A0000000
 002070   00000000000   420266            1   001   250720   00   000000   0   000000000000000   000   000000000000000   000   000000000000000      000000000001365395   000   000000001365395   0   0000000000   A   0   0000000000   A   000000   000000   000000000000000   000000000000000   0000A0000000
 002070   60831369506   420266            1   001   250720   00   000000   0   000000000000000   000   000000000000000   000   000000000000000      000000000001365395   000   000000001365395   0   0000000000   A   0   0000000000   A   000000   000000   000000000000000   000000000000000   0000A0000000
 002070   62193041403   420266            1   001   260720   00   000000   0   000000000000000   000   000000000000000   000   000000000000000      000000000001365395   000   000000001365395   0   0000000000   A   0   0000000000   A   000000   000000   000000000000000   000000000000000   0000A0000000
 002070   11229750701   185238            1   001   270720   00   000000   0   000000004461403   000   000000000000000   000   000000000000000      000000000000000000   000   000000004461403   0   0000000000   A   0   0000000000   A   000000   000000   000000000000000   000000000000000   0000A0000000
 002070   62055376501   420266            1   001   270720   00   000000   0   000000000000000   000   000000000000000   000   000000000000000      000000000001365395   000   000000001365395   0   0000000000   A   0   0000000000   A   000000   000000   000000000000000   000000000000000   0000A0000000
 002070   15204639302   420266            1   001   280720   00   000000   0   000000000000000   000   000000000000000   000   000000000000000      000000000001365395   000   000000001365395   0   0000000000   A   0   0000000000   A   000000   000000   000000000000000   000000000000000   0000A0000000
 002070   62709762501   420266            1   001   240720   00   000000   0   000000001365395   000   000000000000000   000   000000000000000      000000000000000000   000   000000001365395   0   0000000000   A   0   0000000000   A   000000   000000   000000000000000   000000000000000   0000A0000000
 002070   61695162002   420266            1   001   270720   00   000000   0   000000000000000   000   000000000000000   000   000000000000000      000000000001365395   000   000000001365395   0   0000000000   A   0   0000000000   A   000000   000000   000000000000000   000000000000000   0000A0000000
