 002070   61375233201   430171            2   001   010720   00   000000   0   000000000000000   000   000000000000000   000   000000000000000      000000000024476285   000   000000024476285   0   0000000000   A   0   0000000000   A   000000   000000   000000000000000   000000000000000   0000A0000000
 002070   61351556001   430171            2   002   070720   00   000000   0   000000000000000   000   000000000000000   000   000000000000000      000000000024476285   000   000000048952570   0   0000000000   A   0   0000000000   A   000000   000000   000000000000000   000000000000000   0000A0000000
 002070   61656323901   430171            2   002   070720   00   000000   0   000000000000000   000   000000000000000   000   000000000000000      000000000024476285   000   000000048952570   0   0000000000   A   0   0000000000   A   000000   000000   000000000000000   000000000000000   0000A0000000
 002070   63156210801   430185            2   001   200720   00   000000   0   000000000000000   000   000000000000000   000   000000000000000      000000000008620060   000   000000008620060   0   0000000000   A   0   0000000000   A   000000   000000   000000000000000   000000000000000   0000A0000000
 002070   35202973101   400101            2   001   280720   00   000000   0   000000000000000   000   000000000000000   000   000000000000000      000000000040483240   000   000000040483240   0   0000000000   A   0   0000000000   A   000000   000000   000000000000000   000000000000000   0000A0000000
 002070   35202973101   430171            2   001   290720   00   000000   0   000000000000000   000   000000000000000   000   000000000000000      000000000024476285   000   000000024476285   0   0000000000   A   0   0000000000   A   000000   000000   000000000000000   000000000000000   0000A0000000
 002070   61375233201   121003            2   001   010720   00   000000   0   000000000000000   000   000000000000000   000   000000000000000      000000000061556664   000   000000061556664   0   0000000000   A   0   0000000000   A   000000   000000   000000000000000   000000000000000   0000A0000000
 002070   61375233201   431101            2   001   010720   00   000000   0   000000000000000   000   000000000000000   000   000000000000000      000000000001241295   000   000000001241295   0   0000000000   A   0   0000000000   A   000000   000000   000000000000000   000000000000000   0000A0000000
 002070   61351556001   121001            2   001   070720   00   000000   0   000000000000000   000   000000000000000   000   000000000000000      000000000061556664   000   000000061556664   0   0000000000   A   0   0000000000   A   000000   000000   000000000000000   000000000000000   0000A0000000
 002070   61338087703   121102            2   001   140720   00   000000   0   000000000000000   000   000000000000000   000   000000000000000      000000000070237732   000   000000070237732   0   0000000000   A   0   0000000000   A   000000   000000   000000000000000   000000000000000   0000A0000000
 002070   61338087703   431101            2   001   140720   00   000000   0   000000000000000   000   000000000000000   000   000000000000000      000000000001241295   000   000000001241295   0   0000000000   A   0   0000000000   A   000000   000000   000000000000000   000000000000000   0000A0000000
 002070   35202973101   080206            2   001   280720   00   000000   0   000000000000000   000   000000000000000   000   000000000000000      000000000044391825   000   000000044391825   0   0000000000   A   0   0000000000   A   000000   000000   000000000000000   000000000000000   0000A0000000
 002070   35202973101   431101            2   001   280720   00   000000   0   000000000000000   000   000000000000000   000   000000000000000      000000000001241295   000   000000001241295   0   0000000000   A   0   0000000000   A   000000   000000   000000000000000   000000000000000   0000A0000000
 002070   61375233201   DES00169          2   001   010720   00   000000   0   000000000000000   000   000000000000000   000   000000000000000      000000000001915268   000   000000001915268   0   0000000000   A   0   0000000000   A   000000   000000   000000000000000   000000000000000   0000A0000000
 002070   61375233201   DES00007          2   001   010720   00   000000   0   000000000000000   000   000000000000000   000   000000000000000      000000000010799428   000   000000010799428   0   0000000000   A   0   0000000000   A   000000   000000   000000000000000   000000000000000   0000A0000000
 002070   61375233201   DES00250          2   001   010720   00   000000   0   000000000000000   000   000000000000000   000   000000000000000      000000000002026125   000   000000002026125   0   0000000000   A   0   0000000000   A   000000   000000   000000000000000   000000000000000   0000A0000000
 002070   61375233201   20172X1           2   002   010720   00   000000   0   000000000000000   000   000000000000000   000   000000000000000      000000000003489090   000   000000006978181   0   0000000000   A   0   0000000000   A   000000   000000   000000000000000   000000000000000   0000A0000000
 002070   61375233201   15670X1           2   001   010720   00   000000   0   000000000000000   000   000000000000000   000   000000000000000      000000000002514970   000   000000002514970   0   0000000000   A   0   0000000000   A   000000   000000   000000000000000   000000000000000   0000A0000000
 002070   61375233201   18163X1           2   001   010720   00   000000   0   000000000000000   000   000000000000000   000   000000000000000      000000000001553400   000   000000001553400   0   0000000000   A   0   0000000000   A   000000   000000   000000000000000   000000000000000   0000A0000000
 002070   61375233201   14916X1           2   075   010720   00   000000   0   000000000000000   000   000000000000000   000   000000000000000      000000000000193053   000   000000014478952   0   0000000000   A   0   0000000000   A   000000   000000   000000000000000   000000000000000   0000A0000000
 002070   61375233201   53175X1           2   005   010720   00   000000   0   000000000000000   000   000000000000000   000   000000000000000      000000000004058997   000   000000020294986   0   0000000000   A   0   0000000000   A   000000   000000   000000000000000   000000000000000   0000A0000000
 002070   61375233201   49941X1           2   002   010720   00   000000   0   000000000000000   000   000000000000000   000   000000000000000      000000000002036306   000   000000004072612   0   0000000000   A   0   0000000000   A   000000   000000   000000000000000   000000000000000   0000A0000000
 002070   61375233201   19428X1           2   001   010720   00   000000   0   000000000000000   000   000000000000000   000   000000000000000      000000000000454114   000   000000000454114   0   0000000000   A   0   0000000000   A   000000   000000   000000000000000   000000000000000   0000A0000000
 002070   61375233201   24577X1           2   001   010720   00   000000   0   000000000000000   000   000000000000000   000   000000000000000      000000000000432824   000   000000000432824   0   0000000000   A   0   0000000000   A   000000   000000   000000000000000   000000000000000   0000A0000000
 002070   61375233201   60196X1           2   001   010720   00   000000   0   000000000000000   000   000000000000000   000   000000000000000      000000000001740058   000   000000001740058   0   0000000000   A   0   0000000000   A   000000   000000   000000000000000   000000000000000   0000A0000000
 002070   61375233201   58689X1           2   001   010720   00   000000   0   000000000000000   000   000000000000000   000   000000000000000      000000000003789454   000   000000003789454   0   0000000000   A   0   0000000000   A   000000   000000   000000000000000   000000000000000   0000A0000000
 002070   61375233201   45332X1           2   002   010720   00   000000   0   000000000000000   000   000000000000000   000   000000000000000      000000000001737178   000   000000003474356   0   0000000000   A   0   0000000000   A   000000   000000   000000000000000   000000000000000   0000A0000000
 002070   61375233201   34031X1           2   001   010720   00   000000   0   000000000000000   000   000000000000000   000   000000000000000      000000000001206392   000   000000001206392   0   0000000000   A   0   0000000000   A   000000   000000   000000000000000   000000000000000   0000A0000000
 002070   61375233201   33647X1           2   002   010720   00   000000   0   000000000000000   000   000000000000000   000   000000000000000      000000000000332682   000   000000000665363   0   0000000000   A   0   0000000000   A   000000   000000   000000000000000   000000000000000   0000A0000000
 002070   61375233201   58606X1           2   002   010720   00   000000   0   000000000000000   000   000000000000000   000   000000000000000      000000000000487627   000   000000000975254   0   0000000000   A   0   0000000000   A   000000   000000   000000000000000   000000000000000   0000A0000000
 002070   61375233201   58373X1           2   001   010720   00   000000   0   000000000000000   000   000000000000000   000   000000000000000      000000000000389168   000   000000000389168   0   0000000000   A   0   0000000000   A   000000   000000   000000000000000   000000000000000   0000A0000000
 002070   61375233201   24104X1           2   001   010720   00   000000   0   000000000000000   000   000000000000000   000   000000000000000      000000000003652110   000   000000003652110   0   0000000000   A   0   0000000000   A   000000   000000   000000000000000   000000000000000   0000A0000000
 002070   61375233201   49924X1           2   002   010720   00   000000   0   000000000000000   000   000000000000000   000   000000000000000      000000000001412418   000   000000002824837   0   0000000000   A   0   0000000000   A   000000   000000   000000000000000   000000000000000   0000A0000000
 002070   61375233201   18910X1           2   004   010720   00   000000   0   000000000000000   000   000000000000000   000   000000000000000      000000000001833258   000   000000007333034   0   0000000000   A   0   0000000000   A   000000   000000   000000000000000   000000000000000   0000A0000000
 002070   61375233201   DES00026          2   005   010720   00   000000   0   000000000000000   000   000000000000000   000   000000000000000      000000000000047855   000   000000000239274   0   0000000000   A   0   0000000000   A   000000   000000   000000000000000   000000000000000   0000A0000000
 002070   61375233201   DES00247          2   001   010720   00   000000   0   000000000000000   000   000000000000000   000   000000000000000      000000000002472750   000   000000002472750   0   0000000000   A   0   0000000000   A   000000   000000   000000000000000   000000000000000   0000A0000000
 002070   61375233201   DES00052          2   001   010720   00   000000   0   000000000000000   000   000000000000000   000   000000000000000      000000000003420873   000   000000003420873   0   0000000000   A   0   0000000000   A   000000   000000   000000000000000   000000000000000   0000A0000000
 002070   61351556001   57998X1           2   001   070720   00   000000   0   000000000000000   000   000000000000000   000   000000000000000      000000000000683196   000   000000000683196   0   0000000000   A   0   0000000000   A   000000   000000   000000000000000   000000000000000   0000A0000000
 002070   61351556001   15010X1           2   002   070720   00   000000   0   000000000000000   000   000000000000000   000   000000000000000      000000000001813500   000   000000003627000   0   0000000000   A   0   0000000000   A   000000   000000   000000000000000   000000000000000   0000A0000000
 002070   61351556001   34031X1           2   001   070720   00   000000   0   000000000000000   000   000000000000000   000   000000000000000      000000000001206392   000   000000001206392   0   0000000000   A   0   0000000000   A   000000   000000   000000000000000   000000000000000   0000A0000000
 002070   61351556001   58606X1           2   001   070720   00   000000   0   000000000000000   000   000000000000000   000   000000000000000      000000000000487627   000   000000000487627   0   0000000000   A   0   0000000000   A   000000   000000   000000000000000   000000000000000   0000A0000000
 002070   61351556001   18164X1           2   001   070720   00   000000   0   000000000000000   000   000000000000000   000   000000000000000      000000000001828800   000   000000001828800   0   0000000000   A   0   0000000000   A   000000   000000   000000000000000   000000000000000   0000A0000000
 002070   61351556001   53175X1           2   006   070720   00   000000   0   000000000000000   000   000000000000000   000   000000000000000      000000000004058997   000   000000024353984   0   0000000000   A   0   0000000000   A   000000   000000   000000000000000   000000000000000   0000A0000000
 002070   61351556001   49941X1           2   002   070720   00   000000   0   000000000000000   000   000000000000000   000   000000000000000      000000000002036306   000   000000004072612   0   0000000000   A   0   0000000000   A   000000   000000   000000000000000   000000000000000   0000A0000000
 002070   61351556001   24577X1           2   001   070720   00   000000   0   000000000000000   000   000000000000000   000   000000000000000      000000000000432824   000   000000000432824   0   0000000000   A   0   0000000000   A   000000   000000   000000000000000   000000000000000   0000A0000000
 002070   61351556001   60196X1           2   001   070720   00   000000   0   000000000000000   000   000000000000000   000   000000000000000      000000000001740058   000   000000001740058   0   0000000000   A   0   0000000000   A   000000   000000   000000000000000   000000000000000   0000A0000000
 002070   61351556001   31837X1           2   001   070720   00   000000   0   000000000000000   000   000000000000000   000   000000000000000      000000000001345371   000   000000001345371   0   0000000000   A   0   0000000000   A   000000   000000   000000000000000   000000000000000   0000A0000000
 002070   61351556001   45332X1           2   002   070720   00   000000   0   000000000000000   000   000000000000000   000   000000000000000      000000000001737178   000   000000003474356   0   0000000000   A   0   0000000000   A   000000   000000   000000000000000   000000000000000   0000A0000000
 002070   61351556001   DES00026          2   005   070720   00   000000   0   000000000000000   000   000000000000000   000   000000000000000      000000000000047855   000   000000000239274   0   0000000000   A   0   0000000000   A   000000   000000   000000000000000   000000000000000   0000A0000000
 002070   61351556001   DES00247          2   001   070720   00   000000   0   000000000000000   000   000000000000000   000   000000000000000      000000000002472750   000   000000002472750   0   0000000000   A   0   0000000000   A   000000   000000   000000000000000   000000000000000   0000A0000000
 002070   61351556001   DES00052          2   001   070720   00   000000   0   000000000000000   000   000000000000000   000   000000000000000      000000000003420873   000   000000003420873   0   0000000000   A   0   0000000000   A   000000   000000   000000000000000   000000000000000   0000A0000000
 002070   61338087703   DES00020          2   001   140720   00   000000   0   000000000000000   000   000000000000000   000   000000000000000      000000000004410001   000   000000004410001   0   0000000000   A   0   0000000000   A   000000   000000   000000000000000   000000000000000   0000A0000000
 002070   61338087703   DES00085          2   001   140720   00   000000   0   000000000000000   000   000000000000000   000   000000000000000      000000000023940001   000   000000023940001   0   0000000000   A   0   0000000000   A   000000   000000   000000000000000   000000000000000   0000A0000000
 002070   61338087703   20172X1           2   001   140720   00   000000   0   000000000000000   000   000000000000000   000   000000000000000      000000000003489090   000   000000003489090   0   0000000000   A   0   0000000000   A   000000   000000   000000000000000   000000000000000   0000A0000000
 002070   61338087703   11929X1           2   001   140720   00   000000   0   000000000000000   000   000000000000000   000   000000000000000      000000000002598740   000   000000002598740   0   0000000000   A   0   0000000000   A   000000   000000   000000000000000   000000000000000   0000A0000000
 002070   61338087703   12369X1           2   001   140720   00   000000   0   000000000000000   000   000000000000000   000   000000000000000      000000000001760972   000   000000001760972   0   0000000000   A   0   0000000000   A   000000   000000   000000000000000   000000000000000   0000A0000000
 002070   61338087703   18163X1           2   001   140720   00   000000   0   000000000000000   000   000000000000000   000   000000000000000      000000000001553400   000   000000001553400   0   0000000000   A   0   0000000000   A   000000   000000   000000000000000   000000000000000   0000A0000000
 002070   61338087703   58689X1           2   004   140720   00   000000   0   000000000000000   000   000000000000000   000   000000000000000      000000000003789454   000   000000015157818   0   0000000000   A   0   0000000000   A   000000   000000   000000000000000   000000000000000   0000A0000000
 002070   61338087703   53175X1           2   003   140720   00   000000   0   000000000000000   000   000000000000000   000   000000000000000      000000000004058997   000   000000012176992   0   0000000000   A   0   0000000000   A   000000   000000   000000000000000   000000000000000   0000A0000000
 002070   61338087703   49941X1           2   001   140720   00   000000   0   000000000000000   000   000000000000000   000   000000000000000      000000000002036306   000   000000002036306   0   0000000000   A   0   0000000000   A   000000   000000   000000000000000   000000000000000   0000A0000000
 002070   61338087703   DES00164          2   001   140720   00   000000   0   000000000000000   000   000000000000000   000   000000000000000      000000000001915268   000   000000001915268   0   0000000000   A   0   0000000000   A   000000   000000   000000000000000   000000000000000   0000A0000000
 002070   61338087703   51241X1           2   001   140720   00   000000   0   000000000000000   000   000000000000000   000   000000000000000      000000000003327969   000   000000003327969   0   0000000000   A   0   0000000000   A   000000   000000   000000000000000   000000000000000   0000A0000000
 002070   61338087703   52001X1           2   001   140720   00   000000   0   000000000000000   000   000000000000000   000   000000000000000      000000000003456981   000   000000003456981   0   0000000000   A   0   0000000000   A   000000   000000   000000000000000   000000000000000   0000A0000000
 002070   61338087703   14916X1           2   010   140720   00   000000   0   000000000000000   000   000000000000000   000   000000000000000      000000000000193053   000   000000001930527   0   0000000000   A   0   0000000000   A   000000   000000   000000000000000   000000000000000   0000A0000000
 002070   61338087703   32583X1           2   001   140720   00   000000   0   000000000000000   000   000000000000000   000   000000000000000      000000000000747275   000   000000000747275   0   0000000000   A   0   0000000000   A   000000   000000   000000000000000   000000000000000   0000A0000000
 002070   61338087703   58689X1           2   001   140720   00   000000   0   000000000000000   000   000000000000000   000   000000000000000      000000000003789454   000   000000003789454   0   0000000000   A   0   0000000000   A   000000   000000   000000000000000   000000000000000   0000A0000000
 002070   61338087703   45332X1           2   002   140720   00   000000   0   000000000000000   000   000000000000000   000   000000000000000      000000000001737178   000   000000003474356   0   0000000000   A   0   0000000000   A   000000   000000   000000000000000   000000000000000   0000A0000000
 002070   61338087703   34031X1           2   001   140720   00   000000   0   000000000000000   000   000000000000000   000   000000000000000      000000000001206392   000   000000001206392   0   0000000000   A   0   0000000000   A   000000   000000   000000000000000   000000000000000   0000A0000000
 002070   61338087703   58606X1           2   001   140720   00   000000   0   000000000000000   000   000000000000000   000   000000000000000      000000000000487627   000   000000000487627   0   0000000000   A   0   0000000000   A   000000   000000   000000000000000   000000000000000   0000A0000000
 002070   61338087703   DES00016          2   002   140720   00   000000   0   000000000000000   000   000000000000000   000   000000000000000      000000000000382800   000   000000000765601   0   0000000000   A   0   0000000000   A   000000   000000   000000000000000   000000000000000   0000A0000000
 002070   61338087703   DES00026          2   005   140720   00   000000   0   000000000000000   000   000000000000000   000   000000000000000      000000000000047855   000   000000000239274   0   0000000000   A   0   0000000000   A   000000   000000   000000000000000   000000000000000   0000A0000000
 002070   61338087703   DES00045          2   002   140720   00   000000   0   000000000000000   000   000000000000000   000   000000000000000      000000000000168489   000   000000000336978   0   0000000000   A   0   0000000000   A   000000   000000   000000000000000   000000000000000   0000A0000000
 002070   61338087703   DES00052          2   001   140720   00   000000   0   000000000000000   000   000000000000000   000   000000000000000      000000000003420873   000   000000003420873   0   0000000000   A   0   0000000000   A   000000   000000   000000000000000   000000000000000   0000A0000000
 002070   35202973101   20172X1           2   001   280720   00   000000   0   000000000000000   000   000000000000000   000   000000000000000      000000000003489090   000   000000003489090   0   0000000000   A   0   0000000000   A   000000   000000   000000000000000   000000000000000   0000A0000000
 002070   35202973101   15010X1           2   001   280720   00   000000   0   000000000000000   000   000000000000000   000   000000000000000      000000000001813500   000   000000001813500   0   0000000000   A   0   0000000000   A   000000   000000   000000000000000   000000000000000   0000A0000000
 002070   35202973101   52001X1           2   001   280720   00   000000   0   000000000000000   000   000000000000000   000   000000000000000      000000000003456981   000   000000003456981   0   0000000000   A   0   0000000000   A   000000   000000   000000000000000   000000000000000   0000A0000000
 002070   35202973101   14916X1           2   105   280720   00   000000   0   000000000000000   000   000000000000000   000   000000000000000      000000000000193053   000   000000020270534   0   0000000000   A   0   0000000000   A   000000   000000   000000000000000   000000000000000   0000A0000000
 002070   35202973101   53179X1           2   001   280720   00   000000   0   000000000000000   000   000000000000000   000   000000000000000      000000000004649817   000   000000004649817   0   0000000000   A   0   0000000000   A   000000   000000   000000000000000   000000000000000   0000A0000000
 002070   35202973101   59162X1           2   001   280720   00   000000   0   000000000000000   000   000000000000000   000   000000000000000      000000000001423806   000   000000001423806   0   0000000000   A   0   0000000000   A   000000   000000   000000000000000   000000000000000   0000A0000000
 002070   35202973101   32583X1           2   001   280720   00   000000   0   000000000000000   000   000000000000000   000   000000000000000      000000000000747275   000   000000000747275   0   0000000000   A   0   0000000000   A   000000   000000   000000000000000   000000000000000   0000A0000000
 002070   35202973101   24577X1           2   001   280720   00   000000   0   000000000000000   000   000000000000000   000   000000000000000      000000000000432824   000   000000000432824   0   0000000000   A   0   0000000000   A   000000   000000   000000000000000   000000000000000   0000A0000000
 002070   35202973101   60196X1           2   001   280720   00   000000   0   000000000000000   000   000000000000000   000   000000000000000      000000000001740058   000   000000001740058   0   0000000000   A   0   0000000000   A   000000   000000   000000000000000   000000000000000   0000A0000000
 002070   35202973101   58689X1           2   001   280720   00   000000   0   000000000000000   000   000000000000000   000   000000000000000      000000000003789454   000   000000003789454   0   0000000000   A   0   0000000000   A   000000   000000   000000000000000   000000000000000   0000A0000000
 002070   35202973101   45332X1           2   002   280720   00   000000   0   000000000000000   000   000000000000000   000   000000000000000      000000000001737178   000   000000003474356   0   0000000000   A   0   0000000000   A   000000   000000   000000000000000   000000000000000   0000A0000000
 002070   35202973101   34031X1           2   001   280720   00   000000   0   000000000000000   000   000000000000000   000   000000000000000      000000000001206392   000   000000001206392   0   0000000000   A   0   0000000000   A   000000   000000   000000000000000   000000000000000   0000A0000000
 002070   35202973101   58606X1           2   002   280720   00   000000   0   000000000000000   000   000000000000000   000   000000000000000      000000000000487627   000   000000000975254   0   0000000000   A   0   0000000000   A   000000   000000   000000000000000   000000000000000   0000A0000000
 002070   35202973101   58373X1           2   001   280720   00   000000   0   000000000000000   000   000000000000000   000   000000000000000      000000000000389168   000   000000000389168   0   0000000000   A   0   0000000000   A   000000   000000   000000000000000   000000000000000   0000A0000000
 002070   35202973101   DES00026          2   005   280720   00   000000   0   000000000000000   000   000000000000000   000   000000000000000      000000000000047855   000   000000000239274   0   0000000000   A   0   0000000000   A   000000   000000   000000000000000   000000000000000   0000A0000000
 002070   35202973101   DES00247          2   002   280720   00   000000   0   000000000000000   000   000000000000000   000   000000000000000      000000000002472750   000   000000004945500   0   0000000000   A   0   0000000000   A   000000   000000   000000000000000   000000000000000   0000A0000000
 002070   35202973101   DES00045          2   001   280720   00   000000   0   000000000000000   000   000000000000000   000   000000000000000      000000000000168489   000   000000000168489   0   0000000000   A   0   0000000000   A   000000   000000   000000000000000   000000000000000   0000A0000000
 002070   35202973101   DES00052          2   001   280720   00   000000   0   000000000000000   000   000000000000000   000   000000000000000      000000000003420873   000   000000003420873   0   0000000000   A   0   0000000000   A   000000   000000   000000000000000   000000000000000   0000A0000000
 002070   35202973101   53175X1           2   006   280720   00   000000   0   000000000000000   000   000000000000000   000   000000000000000      000000000004058997   000   000000024353984   0   0000000000   A   0   0000000000   A   000000   000000   000000000000000   000000000000000   0000A0000000
 002070   61375233201   53175X1           2   002   010720   00   000000   0   000000000000000   000   000000000000000   000   000000000000000      000000000004058998   000   000000008117995   0   0000000000   A   0   0000000000   A   000000   000000   000000000000000   000000000000000   0000A0000000
 002070   61375233201   DES00055          2   001   010720   00   000000   0   000000000000000   000   000000000000000   000   000000000000000      000000000001184071   000   000000001184071   0   0000000000   A   0   0000000000   A   000000   000000   000000000000000   000000000000000   0000A0000000
 002070   61375233201   53179X1           2   001   010720   00   000000   0   000000000000000   000   000000000000000   000   000000000000000      000000000004649817   000   000000004649817   0   0000000000   A   0   0000000000   A   000000   000000   000000000000000   000000000000000   0000A0000000
 002070   61375233201   40297X1           2   002   010720   00   000000   0   000000000000000   000   000000000000000   000   000000000000000      000000000000521785   000   000000001043570   0   0000000000   A   0   0000000000   A   000000   000000   000000000000000   000000000000000   0000A0000000
 002070   61375233201   DES00055          2   001   010720   00   000000   0   000000000000000   000   000000000000000   000   000000000000000      000000000001184071   000   000000001184071   0   0000000000   A   0   0000000000   A   000000   000000   000000000000000   000000000000000   0000A0000000
 002070   61375233201   DES00045          2   001   010720   00   000000   0   000000000000000   000   000000000000000   000   000000000000000      000000000000168489   000   000000000168489   0   0000000000   A   0   0000000000   A   000000   000000   000000000000000   000000000000000   0000A0000000
 002070   61375233201   DES00248          2   001   010720   00   000000   0   000000000000000   000   000000000000000   000   000000000000000      000000000002472750   000   000000002472750   0   0000000000   A   0   0000000000   A   000000   000000   000000000000000   000000000000000   0000A0000000
 002070   61375233201   58373X1           2   003   010720   00   000000   0   000000000000000   000   000000000000000   000   000000000000000      000000000000389168   000   000000001167504   0   0000000000   A   0   0000000000   A   000000   000000   000000000000000   000000000000000   0000A0000000
 002070   61375233201   29366X1           2   002   010720   00   000000   0   000000000000000   000   000000000000000   000   000000000000000      000000000000528680   000   000000001057361   0   0000000000   A   0   0000000000   A   000000   000000   000000000000000   000000000000000   0000A0000000
 002070   61375233201   20095X1           2   003   010720   00   000000   0   000000000000000   000   000000000000000   000   000000000000000      000000000000023855   000   000000000071564   0   0000000000   A   0   0000000000   A   000000   000000   000000000000000   000000000000000   0000A0000000
 002070   61375233201   34031X1           2   001   010720   00   000000   0   000000000000000   000   000000000000000   000   000000000000000      000000000001206392   000   000000001206392   0   0000000000   A   0   0000000000   A   000000   000000   000000000000000   000000000000000   0000A0000000
 002070   61375233201   49941X1           2   002   010720   00   000000   0   000000000000000   000   000000000000000   000   000000000000000      000000000002036306   000   000000004072612   0   0000000000   A   0   0000000000   A   000000   000000   000000000000000   000000000000000   0000A0000000
 002070   61375233201   DES00047          2   001   010720   00   000000   0   000000000000000   000   000000000000000   000   000000000000000      000000000004095457   000   000000004095457   0   0000000000   A   0   0000000000   A   000000   000000   000000000000000   000000000000000   0000A0000000
 002070   61375233201   45332X1           2   003   010720   00   000000   0   000000000000000   000   000000000000000   000   000000000000000      000000000001737178   000   000000005211535   0   0000000000   A   0   0000000000   A   000000   000000   000000000000000   000000000000000   0000A0000000
 002070   61375233201   DES00247          2   001   020720   00   000000   0   000000000000000   000   000000000000000   000   000000000000000      000000000002472750   000   000000002472750   0   0000000000   A   0   0000000000   A   000000   000000   000000000000000   000000000000000   0000A0000000
 002070   61375233201   40297X1           2   002   020720   00   000000   0   000000000000000   000   000000000000000   000   000000000000000      000000000000521785   000   000000001043570   0   0000000000   A   0   0000000000   A   000000   000000   000000000000000   000000000000000   0000A0000000
 002070   61375233201   53179X1           2   001   020720   00   000000   0   000000000000000   000   000000000000000   000   000000000000000      000000000004649817   000   000000004649817   0   0000000000   A   0   0000000000   A   000000   000000   000000000000000   000000000000000   0000A0000000
 002070   61656323901   29366X1           2   001   070720   00   000000   0   000000000000000   000   000000000000000   000   000000000000000      000000000000528681   000   000000000528681   0   0000000000   A   0   0000000000   A   000000   000000   000000000000000   000000000000000   0000A0000000
 002070   61656323901   DES00016          2   001   070720   00   000000   0   000000000000000   000   000000000000000   000   000000000000000      000000000000382801   000   000000000382801   0   0000000000   A   0   0000000000   A   000000   000000   000000000000000   000000000000000   0000A0000000
 002070   61656323901   58606X1           2   001   070720   00   000000   0   000000000000000   000   000000000000000   000   000000000000000      000000000000487627   000   000000000487627   0   0000000000   A   0   0000000000   A   000000   000000   000000000000000   000000000000000   0000A0000000
 002070   61656323901   DES00045          2   001   070720   00   000000   0   000000000000000   000   000000000000000   000   000000000000000      000000000000168489   000   000000000168489   0   0000000000   A   0   0000000000   A   000000   000000   000000000000000   000000000000000   0000A0000000
 002070   61656323901   DES00054          2   001   070720   00   000000   0   000000000000000   000   000000000000000   000   000000000000000      000000000000381150   000   000000000381150   0   0000000000   A   0   0000000000   A   000000   000000   000000000000000   000000000000000   0000A0000000
 002070   61656323901   DES00247          2   001   070720   00   000000   0   000000000000000   000   000000000000000   000   000000000000000      000000000002472750   000   000000002472750   0   0000000000   A   0   0000000000   A   000000   000000   000000000000000   000000000000000   0000A0000000
 002070   61656323901   53175X1           2   001   070720   00   000000   0   000000000000000   000   000000000000000   000   000000000000000      000000000004058997   000   000000004058997   0   0000000000   A   0   0000000000   A   000000   000000   000000000000000   000000000000000   0000A0000000
 002070   61656323901   53175X1           2   003   070720   00   000000   0   000000000000000   000   000000000000000   000   000000000000000      000000000004058997   000   000000012176992   0   0000000000   A   0   0000000000   A   000000   000000   000000000000000   000000000000000   0000A0000000
 002070   61656323901   58606X1           2   003   070720   00   000000   0   000000000000000   000   000000000000000   000   000000000000000      000000000000487627   000   000000001462882   0   0000000000   A   0   0000000000   A   000000   000000   000000000000000   000000000000000   0000A0000000
 002070   61656323901   29366X1           2   003   070720   00   000000   0   000000000000000   000   000000000000000   000   000000000000000      000000000000528681   000   000000001586042   0   0000000000   A   0   0000000000   A   000000   000000   000000000000000   000000000000000   0000A0000000
 002070   61656323901   22323X1           2   002   070720   00   000000   0   000000000000000   000   000000000000000   000   000000000000000      000000000002098942   000   000000004197884   0   0000000000   A   0   0000000000   A   000000   000000   000000000000000   000000000000000   0000A0000000
 002070   61656323901   40318X1           2   003   070720   00   000000   0   000000000000000   000   000000000000000   000   000000000000000      000000000003936402   000   000000011809206   0   0000000000   A   0   0000000000   A   000000   000000   000000000000000   000000000000000   0000A0000000
 002070   61656323901   DES00247          2   001   070720   00   000000   0   000000000000000   000   000000000000000   000   000000000000000      000000000002472750   000   000000002472750   0   0000000000   A   0   0000000000   A   000000   000000   000000000000000   000000000000000   0000A0000000
 002070   61656323901   DES00045          2   001   070720   00   000000   0   000000000000000   000   000000000000000   000   000000000000000      000000000000168489   000   000000000168489   0   0000000000   A   0   0000000000   A   000000   000000   000000000000000   000000000000000   0000A0000000
 002070   61351556001   53175X1           2   002   070720   00   000000   0   000000000000000   000   000000000000000   000   000000000000000      000000000004058998   000   000000008117995   0   0000000000   A   0   0000000000   A   000000   000000   000000000000000   000000000000000   0000A0000000
 002070   61351556001   DES00055          2   001   070720   00   000000   0   000000000000000   000   000000000000000   000   000000000000000      000000000001184071   000   000000001184071   0   0000000000   A   0   0000000000   A   000000   000000   000000000000000   000000000000000   0000A0000000
 002070   61351556001   DES00247          2   001   070720   00   000000   0   000000000000000   000   000000000000000   000   000000000000000      000000000002472750   000   000000002472750   0   0000000000   A   0   0000000000   A   000000   000000   000000000000000   000000000000000   0000A0000000
 002070   61351556001   53179X1           2   001   070720   00   000000   0   000000000000000   000   000000000000000   000   000000000000000      000000000004649817   000   000000004649817   0   0000000000   A   0   0000000000   A   000000   000000   000000000000000   000000000000000   0000A0000000
 002070   61351556001   40297X1           2   002   070720   00   000000   0   000000000000000   000   000000000000000   000   000000000000000      000000000000521785   000   000000001043570   0   0000000000   A   0   0000000000   A   000000   000000   000000000000000   000000000000000   0000A0000000
 002070   61351556001   DES00055          2   001   070720   00   000000   0   000000000000000   000   000000000000000   000   000000000000000      000000000001184071   000   000000001184071   0   0000000000   A   0   0000000000   A   000000   000000   000000000000000   000000000000000   0000A0000000
 002070   61351556001   29366X1           2   002   070720   00   000000   0   000000000000000   000   000000000000000   000   000000000000000      000000000000528680   000   000000001057361   0   0000000000   A   0   0000000000   A   000000   000000   000000000000000   000000000000000   0000A0000000
 002070   61351556001   58373X1           2   003   070720   00   000000   0   000000000000000   000   000000000000000   000   000000000000000      000000000000389168   000   000000001167504   0   0000000000   A   0   0000000000   A   000000   000000   000000000000000   000000000000000   0000A0000000
 002070   61351556001   49941X1           2   002   070720   00   000000   0   000000000000000   000   000000000000000   000   000000000000000      000000000002036306   000   000000004072612   0   0000000000   A   0   0000000000   A   000000   000000   000000000000000   000000000000000   0000A0000000
 002070   61351556001   34031X1           2   001   070720   00   000000   0   000000000000000   000   000000000000000   000   000000000000000      000000000001206392   000   000000001206392   0   0000000000   A   0   0000000000   A   000000   000000   000000000000000   000000000000000   0000A0000000
 002070   61351556001   20095X1           2   003   070720   00   000000   0   000000000000000   000   000000000000000   000   000000000000000      000000000000023855   000   000000000071564   0   0000000000   A   0   0000000000   A   000000   000000   000000000000000   000000000000000   0000A0000000
 002070   61351556001   45332X1           2   003   070720   00   000000   0   000000000000000   000   000000000000000   000   000000000000000      000000000001737178   000   000000005211535   0   0000000000   A   0   0000000000   A   000000   000000   000000000000000   000000000000000   0000A0000000
 002070   61351556001   13530X1           2   001   070720   00   000000   0   000000000000000   000   000000000000000   000   000000000000000      000000000005453424   000   000000005453424   0   0000000000   A   0   0000000000   A   000000   000000   000000000000000   000000000000000   0000A0000000
 002070   61351556001   DES00045          2   001   070720   00   000000   0   000000000000000   000   000000000000000   000   000000000000000      000000000000168489   000   000000000168489   0   0000000000   A   0   0000000000   A   000000   000000   000000000000000   000000000000000   0000A0000000
 002070   61351556001   DES00247          2   001   070720   00   000000   0   000000000000000   000   000000000000000   000   000000000000000      000000000002472750   000   000000002472750   0   0000000000   A   0   0000000000   A   000000   000000   000000000000000   000000000000000   0000A0000000
 002070   61351556001   DES00047          2   001   070720   00   000000   0   000000000000000   000   000000000000000   000   000000000000000      000000000004095457   000   000000004095457   0   0000000000   A   0   0000000000   A   000000   000000   000000000000000   000000000000000   0000A0000000
 002070   61351556001   53175X1           2   001   080720   00   000000   0   000000000000000   000   000000000000000   000   000000000000000      000000000004058997   000   000000004058997   0   0000000000   A   0   0000000000   A   000000   000000   000000000000000   000000000000000   0000A0000000
 002070   61351556001   53179X1           2   001   080720   00   000000   0   000000000000000   000   000000000000000   000   000000000000000      000000000004649817   000   000000004649817   0   0000000000   A   0   0000000000   A   000000   000000   000000000000000   000000000000000   0000A0000000
 002070   61351556001   40297X1           2   002   080720   00   000000   0   000000000000000   000   000000000000000   000   000000000000000      000000000000521785   000   000000001043570   0   0000000000   A   0   0000000000   A   000000   000000   000000000000000   000000000000000   0000A0000000
 002070   61351556001   29366X1           2   002   080720   00   000000   0   000000000000000   000   000000000000000   000   000000000000000      000000000000528680   000   000000001057361   0   0000000000   A   0   0000000000   A   000000   000000   000000000000000   000000000000000   0000A0000000
 002070   61351556001   58373X1           2   002   080720   00   000000   0   000000000000000   000   000000000000000   000   000000000000000      000000000000389168   000   000000000778336   0   0000000000   A   0   0000000000   A   000000   000000   000000000000000   000000000000000   0000A0000000
 002070   61351556001   53175X1           2   002   080720   00   000000   0   000000000000000   000   000000000000000   000   000000000000000      000000000004058998   000   000000008117995   0   0000000000   A   0   0000000000   A   000000   000000   000000000000000   000000000000000   0000A0000000
 002070   61351556001   20095X1           2   002   080720   00   000000   0   000000000000000   000   000000000000000   000   000000000000000      000000000000023854   000   000000000047709   0   0000000000   A   0   0000000000   A   000000   000000   000000000000000   000000000000000   0000A0000000
 002070   61351556001   45332X1           2   002   080720   00   000000   0   000000000000000   000   000000000000000   000   000000000000000      000000000001737178   000   000000003474356   0   0000000000   A   0   0000000000   A   000000   000000   000000000000000   000000000000000   0000A0000000
 002070   61351556001   13530X1           2   001   080720   00   000000   0   000000000000000   000   000000000000000   000   000000000000000      000000000005453424   000   000000005453424   0   0000000000   A   0   0000000000   A   000000   000000   000000000000000   000000000000000   0000A0000000
 002070   61656323901   53175X1           2   003   080720   00   000000   0   000000000000000   000   000000000000000   000   000000000000000      000000000004058997   000   000000012176992   0   0000000000   A   0   0000000000   A   000000   000000   000000000000000   000000000000000   0000A0000000
 002070   61656323901   58606X1           2   003   080720   00   000000   0   000000000000000   000   000000000000000   000   000000000000000      000000000000487627   000   000000001462882   0   0000000000   A   0   0000000000   A   000000   000000   000000000000000   000000000000000   0000A0000000
 002070   61656323901   29366X1           2   003   080720   00   000000   0   000000000000000   000   000000000000000   000   000000000000000      000000000000528681   000   000000001586042   0   0000000000   A   0   0000000000   A   000000   000000   000000000000000   000000000000000   0000A0000000
 002070   61656323901   22323X1           2   002   080720   00   000000   0   000000000000000   000   000000000000000   000   000000000000000      000000000002098942   000   000000004197884   0   0000000000   A   0   0000000000   A   000000   000000   000000000000000   000000000000000   0000A0000000
 002070   61656323901   40318X1           2   003   080720   00   000000   0   000000000000000   000   000000000000000   000   000000000000000      000000000003936402   000   000000011809206   0   0000000000   A   0   0000000000   A   000000   000000   000000000000000   000000000000000   0000A0000000
 002070   61351556001   49924X1           2   001   080720   00   000000   0   000000000000000   000   000000000000000   000   000000000000000      000000000001412419   000   000000001412419   0   0000000000   A   0   0000000000   A   000000   000000   000000000000000   000000000000000   0000A0000000
 002070   61656323901   DES00009          2   001   080720   00   000000   0   000000000000000   000   000000000000000   000   000000000000000      000000000000257277   000   000000000257277   0   0000000000   A   0   0000000000   A   000000   000000   000000000000000   000000000000000   0000A0000000
 002070   61656323901   53619X1           2   004   080720   00   000000   0   000000000000000   000   000000000000000   000   000000000000000      000000000000903755   000   000000003615019   0   0000000000   A   0   0000000000   A   000000   000000   000000000000000   000000000000000   0000A0000000
 002070   61656323901   58373X1           2   005   080720   00   000000   0   000000000000000   000   000000000000000   000   000000000000000      000000000000389168   000   000000001945840   0   0000000000   A   0   0000000000   A   000000   000000   000000000000000   000000000000000   0000A0000000
 002070   61351556001   DES00017          2   001   080720   00   000000   0   000000000000000   000   000000000000000   000   000000000000000      000000000000382801   000   000000000382801   0   0000000000   A   0   0000000000   A   000000   000000   000000000000000   000000000000000   0000A0000000
 002070   61351556001   DES00054          2   001   080720   00   000000   0   000000000000000   000   000000000000000   000   000000000000000      000000000000381150   000   000000000381150   0   0000000000   A   0   0000000000   A   000000   000000   000000000000000   000000000000000   0000A0000000
 002070   35202973101   34031X1           2   001   280720   00   000000   0   000000000000000   000   000000000000000   000   000000000000000      000000000001206392   000   000000001206392   0   0000000000   A   0   0000000000   A   000000   000000   000000000000000   000000000000000   0000A0000000
 002070   35202973101   53609X1           2   001   280720   00   000000   0   000000000000000   000   000000000000000   000   000000000000000      000000000000543839   000   000000000543839   0   0000000000   A   0   0000000000   A   000000   000000   000000000000000   000000000000000   0000A0000000
 002070   35202973101   32583X1           2   001   280720   00   000000   0   000000000000000   000   000000000000000   000   000000000000000      000000000000747275   000   000000000747275   0   0000000000   A   0   0000000000   A   000000   000000   000000000000000   000000000000000   0000A0000000
 002070   35202973101   DES00026          2   002   280720   00   000000   0   000000000000000   000   000000000000000   000   000000000000000      000000000000047855   000   000000000095710   0   0000000000   A   0   0000000000   A   000000   000000   000000000000000   000000000000000   0000A0000000
 002070   35202973101   58606X1           2   004   280720   00   000000   0   000000000000000   000   000000000000000   000   000000000000000      000000000000487627   000   000000001950509   0   0000000000   A   0   0000000000   A   000000   000000   000000000000000   000000000000000   0000A0000000
 002070   35202973101   DES00045          2   001   280720   00   000000   0   000000000000000   000   000000000000000   000   000000000000000      000000000000168489   000   000000000168489   0   0000000000   A   0   0000000000   A   000000   000000   000000000000000   000000000000000   0000A0000000
 002070   35202973101   DES00055          2   001   280720   00   000000   0   000000000000000   000   000000000000000   000   000000000000000      000000000001184071   000   000000001184071   0   0000000000   A   0   0000000000   A   000000   000000   000000000000000   000000000000000   0000A0000000
 002070   35202973101   DES00248          2   001   280720   00   000000   0   000000000000000   000   000000000000000   000   000000000000000      000000000002472750   000   000000002472750   0   0000000000   A   0   0000000000   A   000000   000000   000000000000000   000000000000000   0000A0000000
 002070   35202973101   58373X1           2   001   290720   00   000000   0   000000000000000   000   000000000000000   000   000000000000000      000000000000389168   000   000000000389168   0   0000000000   A   0   0000000000   A   000000   000000   000000000000000   000000000000000   0000A0000000
 002070   35202973101   DES00047          2   001   290720   00   000000   0   000000000000000   000   000000000000000   000   000000000000000      000000000004095457   000   000000004095457   0   0000000000   A   0   0000000000   A   000000   000000   000000000000000   000000000000000   0000A0000000
 002070   35202973101   29366X1           2   001   290720   00   000000   0   000000000000000   000   000000000000000   000   000000000000000      000000000000528681   000   000000000528681   0   0000000000   A   0   0000000000   A   000000   000000   000000000000000   000000000000000   0000A0000000
 002070   35202973101   55443X1           2   001   290720   00   000000   0   000000000000000   000   000000000000000   000   000000000000000      000000000005041306   000   000000005041306   0   0000000000   A   0   0000000000   A   000000   000000   000000000000000   000000000000000   0000A0000000
 002070   35202973101   56438X1           2   004   290720   00   000000   0   000000000000000   000   000000000000000   000   000000000000000      000000000001743854   000   000000006975418   0   0000000000   A   0   0000000000   A   000000   000000   000000000000000   000000000000000   0000A0000000
 002070   35202973101   53986X1           2   002   290720   00   000000   0   000000000000000   000   000000000000000   000   000000000000000      000000000000238054   000   000000000476107   0   0000000000   A   0   0000000000   A   000000   000000   000000000000000   000000000000000   0000A0000000
 002070   35202973101   DES00009          2   001   290720   00   000000   0   000000000000000   000   000000000000000   000   000000000000000      000000000000257277   000   000000000257277   0   0000000000   A   0   0000000000   A   000000   000000   000000000000000   000000000000000   0000A0000000
 002070   35202973101   56867X1           2   001   290720   00   000000   0   000000000000000   000   000000000000000   000   000000000000000      000000000003573728   000   000000003573728   0   0000000000   A   0   0000000000   A   000000   000000   000000000000000   000000000000000   0000A0000000
 002070   35202973101   58373X1           2   001   290720   00   000000   0   000000000000000   000   000000000000000   000   000000000000000      000000000000389168   000   000000000389168   0   0000000000   A   0   0000000000   A   000000   000000   000000000000000   000000000000000   0000A0000000
 002070   35202973101   29366X1           2   001   290720   00   000000   0   000000000000000   000   000000000000000   000   000000000000000      000000000000528681   000   000000000528681   0   0000000000   A   0   0000000000   A   000000   000000   000000000000000   000000000000000   0000A0000000
 002070   35202973101   58606X1           2   003   290720   00   000000   0   000000000000000   000   000000000000000   000   000000000000000      000000000000487627   000   000000001462882   0   0000000000   A   0   0000000000   A   000000   000000   000000000000000   000000000000000   0000A0000000
 002070   35202973101   56867X1           2   001   290720   00   000000   0   000000000000000   000   000000000000000   000   000000000000000      000000000003573728   000   000000003573728   0   0000000000   A   0   0000000000   A   000000   000000   000000000000000   000000000000000   0000A0000000
 002070   35202973101   29366X1           2   003   290720   00   000000   0   000000000000000   000   000000000000000   000   000000000000000      000000000000528681   000   000000001586042   0   0000000000   A   0   0000000000   A   000000   000000   000000000000000   000000000000000   0000A0000000
 002070   35202973101   58373X1           2   003   290720   00   000000   0   000000000000000   000   000000000000000   000   000000000000000      000000000000389168   000   000000001167504   0   0000000000   A   0   0000000000   A   000000   000000   000000000000000   000000000000000   0000A0000000
 002070   35202973101   56438X1           2   008   290720   00   000000   0   000000000000000   000   000000000000000   000   000000000000000      000000000001743854   000   000000013950835   0   0000000000   A   0   0000000000   A   000000   000000   000000000000000   000000000000000   0000A0000000
 002070   35202973101   53175X1           2   001   290720   00   000000   0   000000000000000   000   000000000000000   000   000000000000000      000000000004058997   000   000000004058997   0   0000000000   A   0   0000000000   A   000000   000000   000000000000000   000000000000000   0000A0000000
 002070   61351556001   340907            2   001   070720   00   000000   0   000000000000000   000   000000000000000   000   000000000000000      000000000003464134   000   000000003464134   0   0000000000   A   0   0000000000   A   000000   000000   000000000000000   000000000000000   0000A0000000
 002070   61656323901   170101            2   001   070720   00   000000   0   000000000794314   000   000000000000000   000   000000000000000      000000000000000000   000   000000000794314   0   0000000000   A   0   0000000000   A   000000   000000   000000000000000   000000000000000   0000A0000000
 002070   61656323901   420303            2   002   070720   00   000000   0   000000000000000   000   000000000000000   000   000000000000000      000000000001402194   000   000000002804388   0   0000000000   A   0   0000000000   A   000000   000000   000000000000000   000000000000000   0000A0000000
 002070   61338087703   340907            2   001   140720   00   000000   0   000000000000000   000   000000000000000   000   000000000000000      000000000003464134   000   000000003464134   0   0000000000   A   0   0000000000   A   000000   000000   000000000000000   000000000000000   0000A0000000
