 002070   63141414101   430171            2   002   050420   00   000000   0   000000000000000   000   000000000000000   000   000000000000000      000000000022133464   000   000000044266928   0   0000000000   A   0   0000000000   A   000000   000000   000000000000000   000000000000000   0000A0000000
 002070   61050652701   430185            2   001   090420   00   000000   0   000000000000000   000   000000000000000   000   000000000000000      000000000007794966   000   000000007794966   0   0000000000   A   0   0000000000   A   000000   000000   000000000000000   000000000000000   0000A0000000
 002070   15204145601   430171            2   001   140420   00   000000   0   000000000000000   000   000000000000000   000   000000000000000      000000000022133464   000   000000022133464   0   0000000000   A   0   0000000000   A   000000   000000   000000000000000   000000000000000   0000A0000000
 002070   00000000000   430185            2   001   140420   00   000000   0   000000000000000   000   000000000000000   000   000000000000000      000000000007794966   000   000000007794966   0   0000000000   A   0   0000000000   A   000000   000000   000000000000000   000000000000000   0000A0000000
 002070   61735246001   430185            2   001   150420   00   000000   0   000000000000000   000   000000000000000   000   000000000000000      000000000007794966   000   000000007794966   0   0000000000   A   0   0000000000   A   000000   000000   000000000000000   000000000000000   0000A0000000
 002070   63084016301   430171            2   002   160420   00   000000   0   000000000000000   000   000000000000000   000   000000000000000      000000000022133464   000   000000044266928   0   0000000000   A   0   0000000000   A   000000   000000   000000000000000   000000000000000   0000A0000000
 002070   61794668901   430185            2   001   220420   00   000000   0   000000000000000   000   000000000000000   000   000000000000000      000000000007794966   000   000000007794966   0   0000000000   A   0   0000000000   A   000000   000000   000000000000000   000000000000000   0000A0000000
 002070   61014909002   430185            2   001   230420   00   000000   0   000000000000000   000   000000000000000   000   000000000000000      000000000007794966   000   000000007794966   0   0000000000   A   0   0000000000   A   000000   000000   000000000000000   000000000000000   0000A0000000
 002070   63056736001   430171            2   005   260420   00   000000   0   000000000000000   000   000000000000000   000   000000000000000      000000000022133464   000   000000110667320   0   0000000000   A   0   0000000000   A   000000   000000   000000000000000   000000000000000   0000A0000000
 002070   61544747201   430185            2   001   270420   00   000000   0   000000000000000   000   000000000000000   000   000000000000000      000000000007794966   000   000000007794966   0   0000000000   A   0   0000000000   A   000000   000000   000000000000000   000000000000000   0000A0000000
 002070   63262058602   430185            2   001   290420   00   000000   0   000000000000000   000   000000000000000   000   000000000000000      000000000007794966   000   000000007794966   0   0000000000   A   0   0000000000   A   000000   000000   000000000000000   000000000000000   0000A0000000
 002070   62728143401   430171            2   001   290420   00   000000   0   000000000000000   000   000000000000000   000   000000000000000      000000000022133464   000   000000022133464   0   0000000000   A   0   0000000000   A   000000   000000   000000000000000   000000000000000   0000A0000000
 002070   62055376501   430185            2   001   290420   00   000000   0   000000000000000   000   000000000000000   000   000000000000000      000000000007794966   000   000000007794966   0   0000000000   A   0   0000000000   A   000000   000000   000000000000000   000000000000000   0000A0000000
 002070   63135239102   070781            2   001   010420   00   000000   0   000000000000000   000   000000000000000   000   000000000000000      000000000022850200   000   000000022850200   0   0000000000   A   0   0000000000   A   000000   000000   000000000000000   000000000000000   0000A0000000
 002070   63135239102   431101            2   001   010420   00   000000   0   000000000000000   000   000000000000000   000   000000000000000      000000000001122481   000   000000001122481   0   0000000000   A   0   0000000000   A   000000   000000   000000000000000   000000000000000   0000A0000000
 002070   15204145601   100115            2   001   140420   00   000000   0   000000000000000   000   000000000000000   000   000000000000000      000000000021052733   000   000000006315820   0   0000000000   A   0   0000000000   A   000000   000000   000000000000000   000000000000000   0000A0000000
 002070   15204145601   100112            2   001   140420   00   000000   0   000000000000000   000   000000000000000   000   000000000000000      000000000043090533   000   000000043090533   0   0000000000   A   0   0000000000   A   000000   000000   000000000000000   000000000000000   0000A0000000
 002070   63084016301   080524            2   001   170420   00   000000   0   000000000000000   000   000000000000000   000   000000000000000      000000000031935927   000   000000031935927   0   0000000000   A   0   0000000000   A   000000   000000   000000000000000   000000000000000   0000A0000000
 002070   63084016301   431101            2   001   170420   00   000000   0   000000000000000   000   000000000000000   000   000000000000000      000000000001122481   000   000000001122481   0   0000000000   A   0   0000000000   A   000000   000000   000000000000000   000000000000000   0000A0000000
 002070   63056736001   100115            2   001   280420   00   000000   0   000000000000000   000   000000000000000   000   000000000000000      000000000021052734   000   000000021052734   0   0000000000   A   0   0000000000   A   000000   000000   000000000000000   000000000000000   0000A0000000
 002070   62728143401   080709            2   001   290420   00   000000   0   000000000000000   000   000000000000000   000   000000000000000      000000000048349923   000   000000048349923   0   0000000000   A   0   0000000000   A   000000   000000   000000000000000   000000000000000   0000A0000000
 002070   62728143401   431101            2   001   290420   00   000000   0   000000000000000   000   000000000000000   000   000000000000000      000000000001122481   000   000000001122481   0   0000000000   A   0   0000000000   A   000000   000000   000000000000000   000000000000000   0000A0000000
 002070   63135239102   DES00088          2   001   010420   00   000000   0   000000000000000   000   000000000000000   000   000000000000000      000000000002026125   000   000000002026125   0   0000000000   A   0   0000000000   A   000000   000000   000000000000000   000000000000000   0000A0000000
 002070   63135239102   20172X1           2   001   010420   00   000000   0   000000000000000   000   000000000000000   000   000000000000000      000000000003354894   000   000000003354894   0   0000000000   A   0   0000000000   A   000000   000000   000000000000000   000000000000000   0000A0000000
 002070   63135239102   11929X1           2   001   010420   00   000000   0   000000000000000   000   000000000000000   000   000000000000000      000000000002598740   000   000000002598740   0   0000000000   A   0   0000000000   A   000000   000000   000000000000000   000000000000000   0000A0000000
 002070   63135239102   18163X1           2   002   010420   00   000000   0   000000000000000   000   000000000000000   000   000000000000000      000000000001444050   000   000000002888100   0   0000000000   A   0   0000000000   A   000000   000000   000000000000000   000000000000000   0000A0000000
 002070   63135239102   55439X1           2   001   010420   00   000000   0   000000000000000   000   000000000000000   000   000000000000000      000000000003761153   000   000000003761153   0   0000000000   A   0   0000000000   A   000000   000000   000000000000000   000000000000000   0000A0000000
 002070   63135239102   14916X1           2   045   010420   00   000000   0   000000000000000   000   000000000000000   000   000000000000000      000000000000174440   000   000000007849791   0   0000000000   A   0   0000000000   A   000000   000000   000000000000000   000000000000000   0000A0000000
 002070   63135239102   22323X1           2   001   010420   00   000000   0   000000000000000   000   000000000000000   000   000000000000000      000000000002018213   000   000000002018213   0   0000000000   A   0   0000000000   A   000000   000000   000000000000000   000000000000000   0000A0000000
 002070   63135239102   19428X1           2   001   010420   00   000000   0   000000000000000   000   000000000000000   000   000000000000000      000000000000430570   000   000000000430570   0   0000000000   A   0   0000000000   A   000000   000000   000000000000000   000000000000000   0000A0000000
 002070   63135239102   60196X1           2   001   010420   00   000000   0   000000000000000   000   000000000000000   000   000000000000000      000000000001740058   000   000000001740058   0   0000000000   A   0   0000000000   A   000000   000000   000000000000000   000000000000000   0000A0000000
 002070   63135239102   58689X1           2   001   010420   00   000000   0   000000000000000   000   000000000000000   000   000000000000000      000000000003643706   000   000000003643706   0   0000000000   A   0   0000000000   A   000000   000000   000000000000000   000000000000000   0000A0000000
 002070   63135239102   49924X1           2   001   010420   00   000000   0   000000000000000   000   000000000000000   000   000000000000000      000000000001412419   000   000000001412419   0   0000000000   A   0   0000000000   A   000000   000000   000000000000000   000000000000000   0000A0000000
 002070   63135239102   18910X1           2   003   010420   00   000000   0   000000000000000   000   000000000000000   000   000000000000000      000000000001762749   000   000000005288247   0   0000000000   A   0   0000000000   A   000000   000000   000000000000000   000000000000000   0000A0000000
 002070   63135239102   DES00026          2   005   010420   00   000000   0   000000000000000   000   000000000000000   000   000000000000000      000000000000047855   000   000000000239274   0   0000000000   A   0   0000000000   A   000000   000000   000000000000000   000000000000000   0000A0000000
 002070   63135239102   DES00052          2   001   010420   00   000000   0   000000000000000   000   000000000000000   000   000000000000000      000000000003420873   000   000000003420873   0   0000000000   A   0   0000000000   A   000000   000000   000000000000000   000000000000000   0000A0000000
 002070   15204145601   22323X1           2   001   140420   00   000000   0   000000000000000   000   000000000000000   000   000000000000000      000000000002018213   000   000000002018213   0   0000000000   A   0   0000000000   A   000000   000000   000000000000000   000000000000000   0000A0000000
 002070   15204145601   55443X1           2   001   140420   00   000000   0   000000000000000   000   000000000000000   000   000000000000000      000000000004812854   000   000000004812854   0   0000000000   A   0   0000000000   A   000000   000000   000000000000000   000000000000000   0000A0000000
 002070   15204145601   56870X1           2   001   140420   00   000000   0   000000000000000   000   000000000000000   000   000000000000000      000000000003767335   000   000000003767335   0   0000000000   A   0   0000000000   A   000000   000000   000000000000000   000000000000000   0000A0000000
 002070   15204145601   55439X1           2   003   140420   00   000000   0   000000000000000   000   000000000000000   000   000000000000000      000000000003761153   000   000000011283459   0   0000000000   A   0   0000000000   A   000000   000000   000000000000000   000000000000000   0000A0000000
 002070   15204145601   18168X1           2   001   140420   00   000000   0   000000000000000   000   000000000000000   000   000000000000000      000000000000873000   000   000000000873000   0   0000000000   A   0   0000000000   A   000000   000000   000000000000000   000000000000000   0000A0000000
 002070   15204145601   55443X1           2   001   140420   00   000000   0   000000000000000   000   000000000000000   000   000000000000000      000000000004812854   000   000000004812854   0   0000000000   A   0   0000000000   A   000000   000000   000000000000000   000000000000000   0000A0000000
 002070   15204145601   57916X1           2   001   140420   00   000000   0   000000000000000   000   000000000000000   000   000000000000000      000000000003565260   000   000000003565260   0   0000000000   A   0   0000000000   A   000000   000000   000000000000000   000000000000000   0000A0000000
 002070   15204145601   60196X1           2   001   140420   00   000000   0   000000000000000   000   000000000000000   000   000000000000000      000000000001740058   000   000000001740058   0   0000000000   A   0   0000000000   A   000000   000000   000000000000000   000000000000000   0000A0000000
 002070   15204145601   31837X1           2   001   140420   00   000000   0   000000000000000   000   000000000000000   000   000000000000000      000000000001245714   000   000000001245714   0   0000000000   A   0   0000000000   A   000000   000000   000000000000000   000000000000000   0000A0000000
 002070   15204145601   34031X1           2   001   140420   00   000000   0   000000000000000   000   000000000000000   000   000000000000000      000000000001143847   000   000000001143847   0   0000000000   A   0   0000000000   A   000000   000000   000000000000000   000000000000000   0000A0000000
 002070   15204145601   58606X1           2   002   140420   00   000000   0   000000000000000   000   000000000000000   000   000000000000000      000000000000460026   000   000000000920052   0   0000000000   A   0   0000000000   A   000000   000000   000000000000000   000000000000000   0000A0000000
 002070   15204145601   58373X1           2   001   140420   00   000000   0   000000000000000   000   000000000000000   000   000000000000000      000000000000367140   000   000000000367140   0   0000000000   A   0   0000000000   A   000000   000000   000000000000000   000000000000000   0000A0000000
 002070   15204145601   49924X1           2   001   140420   00   000000   0   000000000000000   000   000000000000000   000   000000000000000      000000000001412419   000   000000001412419   0   0000000000   A   0   0000000000   A   000000   000000   000000000000000   000000000000000   0000A0000000
 002070   15204145601   DES00026          2   005   140420   00   000000   0   000000000000000   000   000000000000000   000   000000000000000      000000000000047855   000   000000000239274   0   0000000000   A   0   0000000000   A   000000   000000   000000000000000   000000000000000   0000A0000000
 002070   63084016301   56438X1           2   001   170420   00   000000   0   000000000000000   000   000000000000000   000   000000000000000      000000000001743854   000   000000001743854   0   0000000000   A   0   0000000000   A   000000   000000   000000000000000   000000000000000   0000A0000000
 002070   63084016301   20172X1           2   001   170420   00   000000   0   000000000000000   000   000000000000000   000   000000000000000      000000000003354894   000   000000003354894   0   0000000000   A   0   0000000000   A   000000   000000   000000000000000   000000000000000   0000A0000000
 002070   63084016301   15010X1           2   001   170420   00   000000   0   000000000000000   000   000000000000000   000   000000000000000      000000000001687050   000   000000001687050   0   0000000000   A   0   0000000000   A   000000   000000   000000000000000   000000000000000   0000A0000000
 002070   63084016301   DES00038          2   001   170420   00   000000   0   000000000000000   000   000000000000000   000   000000000000000      000000000010300500   000   000000010300500   0   0000000000   A   0   0000000000   A   000000   000000   000000000000000   000000000000000   0000A0000000
 002070   63084016301   14916X1           2   025   170420   00   000000   0   000000000000000   000   000000000000000   000   000000000000000      000000000000174440   000   000000004360995   0   0000000000   A   0   0000000000   A   000000   000000   000000000000000   000000000000000   0000A0000000
 002070   63084016301   55439X1           2   004   170420   00   000000   0   000000000000000   000   000000000000000   000   000000000000000      000000000003761153   000   000000015044612   0   0000000000   A   0   0000000000   A   000000   000000   000000000000000   000000000000000   0000A0000000
 002070   63084016301   19428X1           2   001   170420   00   000000   0   000000000000000   000   000000000000000   000   000000000000000      000000000000430570   000   000000000430570   0   0000000000   A   0   0000000000   A   000000   000000   000000000000000   000000000000000   0000A0000000
 002070   63084016301   32583X1           2   001   170420   00   000000   0   000000000000000   000   000000000000000   000   000000000000000      000000000000747275   000   000000000747275   0   0000000000   A   0   0000000000   A   000000   000000   000000000000000   000000000000000   0000A0000000
 002070   63084016301   60196X1           2   001   170420   00   000000   0   000000000000000   000   000000000000000   000   000000000000000      000000000001740058   000   000000001740058   0   0000000000   A   0   0000000000   A   000000   000000   000000000000000   000000000000000   0000A0000000
 002070   63084016301   58689X1           2   001   170420   00   000000   0   000000000000000   000   000000000000000   000   000000000000000      000000000003643706   000   000000003643706   0   0000000000   A   0   0000000000   A   000000   000000   000000000000000   000000000000000   0000A0000000
 002070   63084016301   45332X1           2   001   170420   00   000000   0   000000000000000   000   000000000000000   000   000000000000000      000000000001638848   000   000000001638848   0   0000000000   A   0   0000000000   A   000000   000000   000000000000000   000000000000000   0000A0000000
 002070   63084016301   34031X1           2   001   170420   00   000000   0   000000000000000   000   000000000000000   000   000000000000000      000000000001143847   000   000000001143847   0   0000000000   A   0   0000000000   A   000000   000000   000000000000000   000000000000000   0000A0000000
 002070   63084016301   58606X1           2   002   170420   00   000000   0   000000000000000   000   000000000000000   000   000000000000000      000000000000460026   000   000000000920052   0   0000000000   A   0   0000000000   A   000000   000000   000000000000000   000000000000000   0000A0000000
 002070   63084016301   58373X1           2   001   170420   00   000000   0   000000000000000   000   000000000000000   000   000000000000000      000000000000367140   000   000000000367140   0   0000000000   A   0   0000000000   A   000000   000000   000000000000000   000000000000000   0000A0000000
 002070   63084016301   18910X1           2   004   170420   00   000000   0   000000000000000   000   000000000000000   000   000000000000000      000000000001762749   000   000000007050996   0   0000000000   A   0   0000000000   A   000000   000000   000000000000000   000000000000000   0000A0000000
 002070   63084016301   DES00026          2   005   170420   00   000000   0   000000000000000   000   000000000000000   000   000000000000000      000000000000047855   000   000000000239274   0   0000000000   A   0   0000000000   A   000000   000000   000000000000000   000000000000000   0000A0000000
 002070   63084016301   DES00052          2   001   170420   00   000000   0   000000000000000   000   000000000000000   000   000000000000000      000000000003420873   000   000000003420873   0   0000000000   A   0   0000000000   A   000000   000000   000000000000000   000000000000000   0000A0000000
 002070   63056736001   22323X1           2   001   280420   00   000000   0   000000000000000   000   000000000000000   000   000000000000000      000000000002018213   000   000000002018213   0   0000000000   A   0   0000000000   A   000000   000000   000000000000000   000000000000000   0000A0000000
 002070   63056736001   18168X1           2   001   280420   00   000000   0   000000000000000   000   000000000000000   000   000000000000000      000000000000873000   000   000000000873000   0   0000000000   A   0   0000000000   A   000000   000000   000000000000000   000000000000000   0000A0000000
 002070   63056736001   56850X1           2   001   280420   00   000000   0   000000000000000   000   000000000000000   000   000000000000000      000000000002508998   000   000000002508998   0   0000000000   A   0   0000000000   A   000000   000000   000000000000000   000000000000000   0000A0000000
 002070   63056736001   56870X1           2   001   280420   00   000000   0   000000000000000   000   000000000000000   000   000000000000000      000000000003767335   000   000000003767335   0   0000000000   A   0   0000000000   A   000000   000000   000000000000000   000000000000000   0000A0000000
 002070   63056736001   55439X1           2   001   280420   00   000000   0   000000000000000   000   000000000000000   000   000000000000000      000000000003761153   000   000000003761153   0   0000000000   A   0   0000000000   A   000000   000000   000000000000000   000000000000000   0000A0000000
 002070   63056736001   4066X1            2   001   280420   00   000000   0   000000000000000   000   000000000000000   000   000000000000000      000000000009035672   000   000000009035672   0   0000000000   A   0   0000000000   A   000000   000000   000000000000000   000000000000000   0000A0000000
 002070   63056736001   57916X1           2   001   280420   00   000000   0   000000000000000   000   000000000000000   000   000000000000000      000000000003565260   000   000000003565260   0   0000000000   A   0   0000000000   A   000000   000000   000000000000000   000000000000000   0000A0000000
 002070   63056736001   60196X1           2   001   280420   00   000000   0   000000000000000   000   000000000000000   000   000000000000000      000000000001740058   000   000000001740058   0   0000000000   A   0   0000000000   A   000000   000000   000000000000000   000000000000000   0000A0000000
 002070   63056736001   31837X1           2   001   280420   00   000000   0   000000000000000   000   000000000000000   000   000000000000000      000000000001245714   000   000000001245714   0   0000000000   A   0   0000000000   A   000000   000000   000000000000000   000000000000000   0000A0000000
 002070   62728143401   DES00085          2   001   290420   00   000000   0   000000000000000   000   000000000000000   000   000000000000000      000000000005335980   000   000000005335980   0   0000000000   A   0   0000000000   A   000000   000000   000000000000000   000000000000000   0000A0000000
 002070   62728143401   DES00038          2   001   290420   00   000000   0   000000000000000   000   000000000000000   000   000000000000000      000000000010300500   000   000000010300500   0   0000000000   A   0   0000000000   A   000000   000000   000000000000000   000000000000000   0000A0000000
 002070   62728143401   20172X1           2   001   290420   00   000000   0   000000000000000   000   000000000000000   000   000000000000000      000000000003354894   000   000000003354894   0   0000000000   A   0   0000000000   A   000000   000000   000000000000000   000000000000000   0000A0000000
 002070   62728143401   15010X1           2   001   290420   00   000000   0   000000000000000   000   000000000000000   000   000000000000000      000000000001687050   000   000000001687050   0   0000000000   A   0   0000000000   A   000000   000000   000000000000000   000000000000000   0000A0000000
 002070   62728143401   52001X1           2   001   290420   00   000000   0   000000000000000   000   000000000000000   000   000000000000000      000000000003292363   000   000000003292363   0   0000000000   A   0   0000000000   A   000000   000000   000000000000000   000000000000000   0000A0000000
 002070   62728143401   14916X1           2   030   290420   00   000000   0   000000000000000   000   000000000000000   000   000000000000000      000000000000174440   000   000000005233194   0   0000000000   A   0   0000000000   A   000000   000000   000000000000000   000000000000000   0000A0000000
 002070   62728143401   55439X1           2   005   290420   00   000000   0   000000000000000   000   000000000000000   000   000000000000000      000000000003761153   000   000000018805766   0   0000000000   A   0   0000000000   A   000000   000000   000000000000000   000000000000000   0000A0000000
 002070   62728143401   60196X1           2   001   290420   00   000000   0   000000000000000   000   000000000000000   000   000000000000000      000000000001740058   000   000000001740058   0   0000000000   A   0   0000000000   A   000000   000000   000000000000000   000000000000000   0000A0000000
 002070   62728143401   58689X1           2   001   290420   00   000000   0   000000000000000   000   000000000000000   000   000000000000000      000000000003643706   000   000000003643706   0   0000000000   A   0   0000000000   A   000000   000000   000000000000000   000000000000000   0000A0000000
 002070   62728143401   45332X1           2   001   290420   00   000000   0   000000000000000   000   000000000000000   000   000000000000000      000000000001638848   000   000000001638848   0   0000000000   A   0   0000000000   A   000000   000000   000000000000000   000000000000000   0000A0000000
 002070   62728143401   34031X1           2   001   290420   00   000000   0   000000000000000   000   000000000000000   000   000000000000000      000000000001143847   000   000000001143847   0   0000000000   A   0   0000000000   A   000000   000000   000000000000000   000000000000000   0000A0000000
 002070   62728143401   33647X1           2   002   290420   00   000000   0   000000000000000   000   000000000000000   000   000000000000000      000000000000310518   000   000000000621036   0   0000000000   A   0   0000000000   A   000000   000000   000000000000000   000000000000000   0000A0000000
 002070   62728143401   58606X1           2   002   290420   00   000000   0   000000000000000   000   000000000000000   000   000000000000000      000000000000460026   000   000000000920052   0   0000000000   A   0   0000000000   A   000000   000000   000000000000000   000000000000000   0000A0000000
 002070   62728143401   58373X1           2   001   290420   00   000000   0   000000000000000   000   000000000000000   000   000000000000000      000000000000367140   000   000000000367140   0   0000000000   A   0   0000000000   A   000000   000000   000000000000000   000000000000000   0000A0000000
 002070   62728143401   45039X1           2   001   290420   00   000000   0   000000000000000   000   000000000000000   000   000000000000000      000000000000673382   000   000000000673382   0   0000000000   A   0   0000000000   A   000000   000000   000000000000000   000000000000000   0000A0000000
 002070   62728143401   DES00026          2   005   290420   00   000000   0   000000000000000   000   000000000000000   000   000000000000000      000000000000047855   000   000000000239274   0   0000000000   A   0   0000000000   A   000000   000000   000000000000000   000000000000000   0000A0000000
 002070   62728143401   DES00052          2   001   290420   00   000000   0   000000000000000   000   000000000000000   000   000000000000000      000000000003420873   000   000000003420873   0   0000000000   A   0   0000000000   A   000000   000000   000000000000000   000000000000000   0000A0000000
 002070   63141414101   29366X1           2   001   050420   00   000000   0   000000000000000   000   000000000000000   000   000000000000000      000000000000498756   000   000000000498756   0   0000000000   A   0   0000000000   A   000000   000000   000000000000000   000000000000000   0000A0000000
 002070   63141414101   DES00017          2   001   050420   00   000000   0   000000000000000   000   000000000000000   000   000000000000000      000000000000382801   000   000000000382801   0   0000000000   A   0   0000000000   A   000000   000000   000000000000000   000000000000000   0000A0000000
 002070   63141414101   DES00045          2   001   050420   00   000000   0   000000000000000   000   000000000000000   000   000000000000000      000000000000168489   000   000000000168489   0   0000000000   A   0   0000000000   A   000000   000000   000000000000000   000000000000000   0000A0000000
 002070   63141414101   DES00054          2   001   050420   00   000000   0   000000000000000   000   000000000000000   000   000000000000000      000000000000381150   000   000000000381150   0   0000000000   A   0   0000000000   A   000000   000000   000000000000000   000000000000000   0000A0000000
 002070   63141414101   55439X1           2   001   050420   00   000000   0   000000000000000   000   000000000000000   000   000000000000000      000000000003761153   000   000000003761153   0   0000000000   A   0   0000000000   A   000000   000000   000000000000000   000000000000000   0000A0000000
 002070   63141414101   DES00247          2   001   050420   00   000000   0   000000000000000   000   000000000000000   000   000000000000000      000000000002472750   000   000000002472750   0   0000000000   A   0   0000000000   A   000000   000000   000000000000000   000000000000000   0000A0000000
 002070   63141414101   22323X1           2   002   060420   00   000000   0   000000000000000   000   000000000000000   000   000000000000000      000000000002018213   000   000000004036426   0   0000000000   A   0   0000000000   A   000000   000000   000000000000000   000000000000000   0000A0000000
 002070   63141414101   29366X1           2   002   060420   00   000000   0   000000000000000   000   000000000000000   000   000000000000000      000000000000498756   000   000000000997511   0   0000000000   A   0   0000000000   A   000000   000000   000000000000000   000000000000000   0000A0000000
 002070   63141414101   55439X1           2   003   060420   00   000000   0   000000000000000   000   000000000000000   000   000000000000000      000000000003761153   000   000000011283459   0   0000000000   A   0   0000000000   A   000000   000000   000000000000000   000000000000000   0000A0000000
 002070   63141414101   22323X1           2   001   060420   00   000000   0   000000000000000   000   000000000000000   000   000000000000000      000000000002018213   000   000000002018213   0   0000000000   A   0   0000000000   A   000000   000000   000000000000000   000000000000000   0000A0000000
 002070   15204145601   55439X1           2   003   140420   00   000000   0   000000000000000   000   000000000000000   000   000000000000000      000000000003761153   000   000000011283459   0   0000000000   A   0   0000000000   A   000000   000000   000000000000000   000000000000000   0000A0000000
 002070   15204145601   40316X1           2   002   140420   00   000000   0   000000000000000   000   000000000000000   000   000000000000000      000000000014777359   000   000000029554718   0   0000000000   A   0   0000000000   A   000000   000000   000000000000000   000000000000000   0000A0000000
 002070   15204145601   DES00247          2   001   140420   00   000000   0   000000000000000   000   000000000000000   000   000000000000000      000000000002472750   000   000000002472750   0   0000000000   A   0   0000000000   A   000000   000000   000000000000000   000000000000000   0000A0000000
 002070   15204145601   DES00045          2   001   140420   00   000000   0   000000000000000   000   000000000000000   000   000000000000000      000000000000168489   000   000000000168489   0   0000000000   A   0   0000000000   A   000000   000000   000000000000000   000000000000000   0000A0000000
 002070   15204145601   29366X1           2   003   140420   00   000000   0   000000000000000   000   000000000000000   000   000000000000000      000000000000498756   000   000000001496267   0   0000000000   A   0   0000000000   A   000000   000000   000000000000000   000000000000000   0000A0000000
 002070   15204145601   58606X1           2   003   140420   00   000000   0   000000000000000   000   000000000000000   000   000000000000000      000000000000460026   000   000000001380078   0   0000000000   A   0   0000000000   A   000000   000000   000000000000000   000000000000000   0000A0000000
 002070   15204145601   29366X1           2   001   150420   00   000000   0   000000000000000   000   000000000000000   000   000000000000000      000000000000498756   000   000000000498756   0   0000000000   A   0   0000000000   A   000000   000000   000000000000000   000000000000000   0000A0000000
 002070   15204145601   58606X1           2   001   150420   00   000000   0   000000000000000   000   000000000000000   000   000000000000000      000000000000460026   000   000000000460026   0   0000000000   A   0   0000000000   A   000000   000000   000000000000000   000000000000000   0000A0000000
 002070   15204145601   55439X1           2   001   150420   00   000000   0   000000000000000   000   000000000000000   000   000000000000000      000000000003761153   000   000000003761153   0   0000000000   A   0   0000000000   A   000000   000000   000000000000000   000000000000000   0000A0000000
 002070   63084016301   29366X1           2   001   170420   00   000000   0   000000000000000   000   000000000000000   000   000000000000000      000000000000498756   000   000000000498756   0   0000000000   A   0   0000000000   A   000000   000000   000000000000000   000000000000000   0000A0000000
 002070   63084016301   DES00016          2   002   170420   00   000000   0   000000000000000   000   000000000000000   000   000000000000000      000000000000382800   000   000000000765601   0   0000000000   A   0   0000000000   A   000000   000000   000000000000000   000000000000000   0000A0000000
 002070   63084016301   58606X1           2   001   170420   00   000000   0   000000000000000   000   000000000000000   000   000000000000000      000000000000460026   000   000000000460026   0   0000000000   A   0   0000000000   A   000000   000000   000000000000000   000000000000000   0000A0000000
 002070   63084016301   58373X1           2   001   170420   00   000000   0   000000000000000   000   000000000000000   000   000000000000000      000000000000367140   000   000000000367140   0   0000000000   A   0   0000000000   A   000000   000000   000000000000000   000000000000000   0000A0000000
 002070   63084016301   DES00045          2   001   170420   00   000000   0   000000000000000   000   000000000000000   000   000000000000000      000000000000168489   000   000000000168489   0   0000000000   A   0   0000000000   A   000000   000000   000000000000000   000000000000000   0000A0000000
 002070   63084016301   DES00054          2   001   170420   00   000000   0   000000000000000   000   000000000000000   000   000000000000000      000000000000381150   000   000000000381150   0   0000000000   A   0   0000000000   A   000000   000000   000000000000000   000000000000000   0000A0000000
 002070   63084016301   55439X1           2   001   170420   00   000000   0   000000000000000   000   000000000000000   000   000000000000000      000000000003761153   000   000000003761153   0   0000000000   A   0   0000000000   A   000000   000000   000000000000000   000000000000000   0000A0000000
 002070   63084016301   DES00247          2   001   170420   00   000000   0   000000000000000   000   000000000000000   000   000000000000000      000000000002472750   000   000000002472750   0   0000000000   A   0   0000000000   A   000000   000000   000000000000000   000000000000000   0000A0000000
 002070   63084016301   55439X1           2   003   170420   00   000000   0   000000000000000   000   000000000000000   000   000000000000000      000000000003761153   000   000000011283459   0   0000000000   A   0   0000000000   A   000000   000000   000000000000000   000000000000000   0000A0000000
 002070   63084016301   29366X1           2   002   170420   00   000000   0   000000000000000   000   000000000000000   000   000000000000000      000000000000498756   000   000000000997511   0   0000000000   A   0   0000000000   A   000000   000000   000000000000000   000000000000000   0000A0000000
 002070   63084016301   58606X1           2   003   170420   00   000000   0   000000000000000   000   000000000000000   000   000000000000000      000000000000460026   000   000000001380078   0   0000000000   A   0   0000000000   A   000000   000000   000000000000000   000000000000000   0000A0000000
 002070   63084016301   58373X1           2   003   170420   00   000000   0   000000000000000   000   000000000000000   000   000000000000000      000000000000367140   000   000000001101419   0   0000000000   A   0   0000000000   A   000000   000000   000000000000000   000000000000000   0000A0000000
 002070   63084016301   56438X1           2   004   170420   00   000000   0   000000000000000   000   000000000000000   000   000000000000000      000000000001743854   000   000000006975418   0   0000000000   A   0   0000000000   A   000000   000000   000000000000000   000000000000000   0000A0000000
 002070   63084016301   40316X1           2   002   170420   00   000000   0   000000000000000   000   000000000000000   000   000000000000000      000000000014777359   000   000000029554718   0   0000000000   A   0   0000000000   A   000000   000000   000000000000000   000000000000000   0000A0000000
 002070   63084016301   DES00045          2   001   170420   00   000000   0   000000000000000   000   000000000000000   000   000000000000000      000000000000168489   000   000000000168489   0   0000000000   A   0   0000000000   A   000000   000000   000000000000000   000000000000000   0000A0000000
 002070   63084016301   DES00247          2   001   170420   00   000000   0   000000000000000   000   000000000000000   000   000000000000000      000000000002472750   000   000000002472750   0   0000000000   A   0   0000000000   A   000000   000000   000000000000000   000000000000000   0000A0000000
 002070   63056736001   DES00016          2   001   260420   00   000000   0   000000000000000   000   000000000000000   000   000000000000000      000000000000382801   000   000000000382801   0   0000000000   A   0   0000000000   A   000000   000000   000000000000000   000000000000000   0000A0000000
 002070   63056736001   DES00017          2   001   260420   00   000000   0   000000000000000   000   000000000000000   000   000000000000000      000000000000382801   000   000000000382801   0   0000000000   A   0   0000000000   A   000000   000000   000000000000000   000000000000000   0000A0000000
 002070   63056736001   DES00045          2   001   260420   00   000000   0   000000000000000   000   000000000000000   000   000000000000000      000000000000168489   000   000000000168489   0   0000000000   A   0   0000000000   A   000000   000000   000000000000000   000000000000000   0000A0000000
 002070   63056736001   DES00054          2   001   260420   00   000000   0   000000000000000   000   000000000000000   000   000000000000000      000000000000381150   000   000000000381150   0   0000000000   A   0   0000000000   A   000000   000000   000000000000000   000000000000000   0000A0000000
 002070   63056736001   DES00044          2   001   260420   00   000000   0   000000000000000   000   000000000000000   000   000000000000000      000000000004095457   000   000000004095457   0   0000000000   A   0   0000000000   A   000000   000000   000000000000000   000000000000000   0000A0000000
 002070   63056736001   55439X1           2   001   260420   00   000000   0   000000000000000   000   000000000000000   000   000000000000000      000000000003761153   000   000000003761153   0   0000000000   A   0   0000000000   A   000000   000000   000000000000000   000000000000000   0000A0000000
 002070   63056736001   DES00247          2   001   260420   00   000000   0   000000000000000   000   000000000000000   000   000000000000000      000000000002472750   000   000000002472750   0   0000000000   A   0   0000000000   A   000000   000000   000000000000000   000000000000000   0000A0000000
 002070   63056736001   55439X1           2   002   270420   00   000000   0   000000000000000   000   000000000000000   000   000000000000000      000000000003761153   000   000000007522306   0   0000000000   A   0   0000000000   A   000000   000000   000000000000000   000000000000000   0000A0000000
 002070   63056736001   58606X1           2   002   270420   00   000000   0   000000000000000   000   000000000000000   000   000000000000000      000000000000460026   000   000000000920052   0   0000000000   A   0   0000000000   A   000000   000000   000000000000000   000000000000000   0000A0000000
 002070   63056736001   29366X1           2   003   270420   00   000000   0   000000000000000   000   000000000000000   000   000000000000000      000000000000498756   000   000000001496267   0   0000000000   A   0   0000000000   A   000000   000000   000000000000000   000000000000000   0000A0000000
 002070   63056736001   55439X1           2   001   270420   00   000000   0   000000000000000   000   000000000000000   000   000000000000000      000000000003761153   000   000000003761153   0   0000000000   A   0   0000000000   A   000000   000000   000000000000000   000000000000000   0000A0000000
 002070   63056736001   29366X1           2   001   270420   00   000000   0   000000000000000   000   000000000000000   000   000000000000000      000000000000498756   000   000000000498756   0   0000000000   A   0   0000000000   A   000000   000000   000000000000000   000000000000000   0000A0000000
 002070   63056736001   58606X1           2   001   270420   00   000000   0   000000000000000   000   000000000000000   000   000000000000000      000000000000460026   000   000000000460026   0   0000000000   A   0   0000000000   A   000000   000000   000000000000000   000000000000000   0000A0000000
 002070   63056736001   58606X1           2   001   270420   00   000000   0   000000000000000   000   000000000000000   000   000000000000000      000000000000460026   000   000000000460026   0   0000000000   A   0   0000000000   A   000000   000000   000000000000000   000000000000000   0000A0000000
 002070   63056736001   29366X1           2   001   270420   00   000000   0   000000000000000   000   000000000000000   000   000000000000000      000000000000498756   000   000000000498756   0   0000000000   A   0   0000000000   A   000000   000000   000000000000000   000000000000000   0000A0000000
 002070   63056736001   55439X1           2   001   270420   00   000000   0   000000000000000   000   000000000000000   000   000000000000000      000000000003761153   000   000000003761153   0   0000000000   A   0   0000000000   A   000000   000000   000000000000000   000000000000000   0000A0000000
 002070   63056736001   29366X1           2   001   270420   00   000000   0   000000000000000   000   000000000000000   000   000000000000000      000000000000498756   000   000000000498756   0   0000000000   A   0   0000000000   A   000000   000000   000000000000000   000000000000000   0000A0000000
 002070   63056736001   55439X1           2   002   280420   00   000000   0   000000000000000   000   000000000000000   000   000000000000000      000000000003761153   000   000000007522306   0   0000000000   A   0   0000000000   A   000000   000000   000000000000000   000000000000000   0000A0000000
 002070   63056736001   29366X1           2   003   280420   00   000000   0   000000000000000   000   000000000000000   000   000000000000000      000000000000498756   000   000000001496267   0   0000000000   A   0   0000000000   A   000000   000000   000000000000000   000000000000000   0000A0000000
 002070   62728143401   29366X1           2   001   290420   00   000000   0   000000000000000   000   000000000000000   000   000000000000000      000000000000498756   000   000000000498756   0   0000000000   A   0   0000000000   A   000000   000000   000000000000000   000000000000000   0000A0000000
 002070   62728143401   DES00016          2   001   290420   00   000000   0   000000000000000   000   000000000000000   000   000000000000000      000000000000382801   000   000000000382801   0   0000000000   A   0   0000000000   A   000000   000000   000000000000000   000000000000000   0000A0000000
 002070   62728143401   DES00045          2   001   290420   00   000000   0   000000000000000   000   000000000000000   000   000000000000000      000000000000168489   000   000000000168489   0   0000000000   A   0   0000000000   A   000000   000000   000000000000000   000000000000000   0000A0000000
 002070   62728143401   DES00054          2   001   290420   00   000000   0   000000000000000   000   000000000000000   000   000000000000000      000000000000381150   000   000000000381150   0   0000000000   A   0   0000000000   A   000000   000000   000000000000000   000000000000000   0000A0000000
 002070   62728143401   55439X1           2   001   290420   00   000000   0   000000000000000   000   000000000000000   000   000000000000000      000000000003761153   000   000000003761153   0   0000000000   A   0   0000000000   A   000000   000000   000000000000000   000000000000000   0000A0000000
 002070   62728143401   DES00247          2   001   290420   00   000000   0   000000000000000   000   000000000000000   000   000000000000000      000000000002472750   000   000000002472750   0   0000000000   A   0   0000000000   A   000000   000000   000000000000000   000000000000000   0000A0000000
 002070   63056736001   55439X1           2   002   290420   00   000000   0   000000000000000   000   000000000000000   000   000000000000000      000000000003761153   000   000000007522306   0   0000000000   A   0   0000000000   A   000000   000000   000000000000000   000000000000000   0000A0000000
 002070   63056736001   58606X1           2   002   290420   00   000000   0   000000000000000   000   000000000000000   000   000000000000000      000000000000460026   000   000000000920052   0   0000000000   A   0   0000000000   A   000000   000000   000000000000000   000000000000000   0000A0000000
 002070   63056736001   29366X1           2   003   290420   00   000000   0   000000000000000   000   000000000000000   000   000000000000000      000000000000498756   000   000000001496267   0   0000000000   A   0   0000000000   A   000000   000000   000000000000000   000000000000000   0000A0000000
 002070   63056736001   22323X1           2   002   290420   00   000000   0   000000000000000   000   000000000000000   000   000000000000000      000000000002018213   000   000000004036426   0   0000000000   A   0   0000000000   A   000000   000000   000000000000000   000000000000000   0000A0000000
 002070   63056736001   58606X1           2   001   290420   00   000000   0   000000000000000   000   000000000000000   000   000000000000000      000000000000460026   000   000000000460026   0   0000000000   A   0   0000000000   A   000000   000000   000000000000000   000000000000000   0000A0000000
 002070   63056736001   55439X1           2   001   290420   00   000000   0   000000000000000   000   000000000000000   000   000000000000000      000000000003761153   000   000000003761153   0   0000000000   A   0   0000000000   A   000000   000000   000000000000000   000000000000000   0000A0000000
 002070   63056736001   49924X1           2   002   290420   00   000000   0   000000000000000   000   000000000000000   000   000000000000000      000000000001412418   000   000000002824837   0   0000000000   A   0   0000000000   A   000000   000000   000000000000000   000000000000000   0000A0000000
 002070   63056736001   DES00055          2   001   290420   00   000000   0   000000000000000   000   000000000000000   000   000000000000000      000000000001184071   000   000000001184071   0   0000000000   A   0   0000000000   A   000000   000000   000000000000000   000000000000000   0000A0000000
 002070   63056736001   DES00045          2   001   290420   00   000000   0   000000000000000   000   000000000000000   000   000000000000000      000000000000168489   000   000000000168489   0   0000000000   A   0   0000000000   A   000000   000000   000000000000000   000000000000000   0000A0000000
 002070   63056736001   DES00247          2   001   290420   00   000000   0   000000000000000   000   000000000000000   000   000000000000000      000000000002472750   000   000000002472750   0   0000000000   A   0   0000000000   A   000000   000000   000000000000000   000000000000000   0000A0000000
 002070   62728143401   58606X1           2   004   290420   00   000000   0   000000000000000   000   000000000000000   000   000000000000000      000000000000460026   000   000000001840104   0   0000000000   A   0   0000000000   A   000000   000000   000000000000000   000000000000000   0000A0000000
 002070   62728143401   55439X1           2   002   290420   00   000000   0   000000000000000   000   000000000000000   000   000000000000000      000000000003761153   000   000000007522306   0   0000000000   A   0   0000000000   A   000000   000000   000000000000000   000000000000000   0000A0000000
 002070   62728143401   55442X1           2   002   290420   00   000000   0   000000000000000   000   000000000000000   000   000000000000000      000000000004438349   000   000000008876698   0   0000000000   A   0   0000000000   A   000000   000000   000000000000000   000000000000000   0000A0000000
 002070   62728143401   56438X1           2   004   290420   00   000000   0   000000000000000   000   000000000000000   000   000000000000000      000000000001743854   000   000000006975418   0   0000000000   A   0   0000000000   A   000000   000000   000000000000000   000000000000000   0000A0000000
 002070   63056736001   55439X1           2   002   300420   00   000000   0   000000000000000   000   000000000000000   000   000000000000000      000000000003761153   000   000000007522306   0   0000000000   A   0   0000000000   A   000000   000000   000000000000000   000000000000000   0000A0000000
 002070   63056736001   29366X1           2   003   300420   00   000000   0   000000000000000   000   000000000000000   000   000000000000000      000000000000498756   000   000000001496267   0   0000000000   A   0   0000000000   A   000000   000000   000000000000000   000000000000000   0000A0000000
 002070   63056736001   22323X1           2   002   300420   00   000000   0   000000000000000   000   000000000000000   000   000000000000000      000000000002018213   000   000000004036426   0   0000000000   A   0   0000000000   A   000000   000000   000000000000000   000000000000000   0000A0000000
 002070   63056736001   58606X1           2   003   300420   00   000000   0   000000000000000   000   000000000000000   000   000000000000000      000000000000460026   000   000000001380078   0   0000000000   A   0   0000000000   A   000000   000000   000000000000000   000000000000000   0000A0000000
 002070   63056736001   55439X1           2   001   300420   00   000000   0   000000000000000   000   000000000000000   000   000000000000000      000000000003761153   000   000000003761153   0   0000000000   A   0   0000000000   A   000000   000000   000000000000000   000000000000000   0000A0000000
 002070   63056736001   49924X1           2   002   300420   00   000000   0   000000000000000   000   000000000000000   000   000000000000000      000000000001412418   000   000000002824837   0   0000000000   A   0   0000000000   A   000000   000000   000000000000000   000000000000000   0000A0000000
 002070   63056736001   22323X1           2   001   300420   00   000000   0   000000000000000   000   000000000000000   000   000000000000000      000000000002018213   000   000000002018213   0   0000000000   A   0   0000000000   A   000000   000000   000000000000000   000000000000000   0000A0000000
 002070   63056736001   55439X1           2   001   300420   00   000000   0   000000000000000   000   000000000000000   000   000000000000000      000000000003761153   000   000000003761153   0   0000000000   A   0   0000000000   A   000000   000000   000000000000000   000000000000000   0000A0000000
 002070   62728143401   56438X1           2   003   300420   00   000000   0   000000000000000   000   000000000000000   000   000000000000000      000000000001743854   000   000000005231563   0   0000000000   A   0   0000000000   A   000000   000000   000000000000000   000000000000000   0000A0000000
 002070   62728143401   58606X1           2   002   300420   00   000000   0   000000000000000   000   000000000000000   000   000000000000000      000000000000460026   000   000000000920052   0   0000000000   A   0   0000000000   A   000000   000000   000000000000000   000000000000000   0000A0000000
 002070   62728143401   55439X1           2   001   300420   00   000000   0   000000000000000   000   000000000000000   000   000000000000000      000000000003761153   000   000000003761153   0   0000000000   A   0   0000000000   A   000000   000000   000000000000000   000000000000000   0000A0000000
 002070   62728143401   55442X1           2   002   300420   00   000000   0   000000000000000   000   000000000000000   000   000000000000000      000000000004438349   000   000000008876698   0   0000000000   A   0   0000000000   A   000000   000000   000000000000000   000000000000000   0000A0000000
 002070   63141414101   420301            2   002   050420   00   000000   0   000000001267979   000   000000000000000   000   000000000000000      000000000000000000   000   000000002535958   0   0000000000   A   0   0000000000   A   000000   000000   000000000000000   000000000000000   0000A0000000
 002070   63141414101   170101            2   001   050420   00   000000   0   000000000794314   000   000000000000000   000   000000000000000      000000000000000000   000   000000000794314   0   0000000000   A   0   0000000000   A   000000   000000   000000000000000   000000000000000   0000A0000000
 002070   63141414101   420303            2   001   050420   00   000000   0   000000001267979   000   000000000000000   000   000000000000000      000000000000000000   000   000000001267979   0   0000000000   A   0   0000000000   A   000000   000000   000000000000000   000000000000000   0000A0000000
 002070   15204145601   340907            2   001   140420   00   000000   0   000000000000000   000   000000000000000   000   000000000000000      000000000003132554   000   000000003132554   0   0000000000   A   0   0000000000   A   000000   000000   000000000000000   000000000000000   0000A0000000
 002070   63084016301   420303            2   001   160420   00   000000   0   000000001267979   000   000000000000000   000   000000000000000      000000000000000000   000   000000001267979   0   0000000000   A   0   0000000000   A   000000   000000   000000000000000   000000000000000   0000A0000000
 002070   63084016301   170101            2   001   160420   00   000000   0   000000000794314   000   000000000000000   000   000000000000000      000000000000000000   000   000000000794314   0   0000000000   A   0   0000000000   A   000000   000000   000000000000000   000000000000000   0000A0000000
 002070   63056736001   170101            2   001   260420   00   000000   0   000000000794314   000   000000000000000   000   000000000000000      000000000000000000   000   000000000794314   0   0000000000   A   0   0000000000   A   000000   000000   000000000000000   000000000000000   0000A0000000
 002070   63056736001   420303            2   001   260420   00   000000   0   000000001267979   000   000000000000000   000   000000000000000      000000000000000000   000   000000001267979   0   0000000000   A   0   0000000000   A   000000   000000   000000000000000   000000000000000   0000A0000000
 002070   63056736001   420301            2   005   260420   00   000000   0   000000001267979   000   000000000000000   000   000000000000000      000000000000000000   000   000000006339895   0   0000000000   A   0   0000000000   A   000000   000000   000000000000000   000000000000000   0000A0000000
 002070   63056736001   340907            2   001   280420   00   000000   0   000000000000000   000   000000000000000   000   000000000000000      000000000003132554   000   000000003132554   0   0000000000   A   0   0000000000   A   000000   000000   000000000000000   000000000000000   0000A0000000
