 002070   63304360402   430171            2   001   080720   00   000000   0   000000000000000   000   000000000000000   000   000000000000000      000000000024476285   000   000000024476285   0   0000000000   A   0   0000000000   A   000000   000000   000000000000000   000000000000000   0000A0000000
 002070   00000000000   430185            2   001   140720   00   000000   0   000000000000000   000   000000000000000   000   000000000000000      000000000008620060   000   000000008620060   0   0000000000   A   0   0000000000   A   000000   000000   000000000000000   000000000000000   0000A0000000
 002070   62777864903   430171            2   001   150720   00   000000   0   000000000000000   000   000000000000000   000   000000000000000      000000000024476285   000   000000024476285   0   0000000000   A   0   0000000000   A   000000   000000   000000000000000   000000000000000   0000A0000000
 002070   62728008001   430185            2   001   170720   00   000000   0   000000000000000   000   000000000000000   000   000000000000000      000000000008620060   000   000000008620060   0   0000000000   A   0   0000000000   A   000000   000000   000000000000000   000000000000000   0000A0000000
 002070   63216883701   430171            2   001   220720   00   000000   0   000000000000000   000   000000000000000   000   000000000000000      000000000024476285   000   000000024476285   0   0000000000   A   0   0000000000   A   000000   000000   000000000000000   000000000000000   0000A0000000
 002070   62983739101   400101            2   004   230720   00   000000   0   000000000000000   000   000000000000000   000   000000000000000      000000000040483240   000   000000161932960   0   0000000000   A   0   0000000000   A   000000   000000   000000000000000   000000000000000   0000A0000000
 002070   62795277001   430185            2   001   240720   00   000000   0   000000000000000   000   000000000000000   000   000000000000000      000000000008620060   000   000000008620060   0   0000000000   A   0   0000000000   A   000000   000000   000000000000000   000000000000000   0000A0000000
 002070   62983739101   430171            2   001   270720   00   000000   0   000000000000000   000   000000000000000   000   000000000000000      000000000024476285   000   000000024476285   0   0000000000   A   0   0000000000   A   000000   000000   000000000000000   000000000000000   0000A0000000
 002070   63056736001   430171            2   001   300720   00   000000   0   000000000000000   000   000000000000000   000   000000000000000      000000000024476285   000   000000024476285   0   0000000000   A   0   0000000000   A   000000   000000   000000000000000   000000000000000   0000A0000000
 002070   61781726901   400101            2   001   300720   00   000000   0   000000000000000   000   000000000000000   000   000000000000000      000000000040483240   000   000000040483240   0   0000000000   A   0   0000000000   A   000000   000000   000000000000000   000000000000000   0000A0000000
 002070   62159323004   100504            2   001   060720   00   000000   0   000000000000000   000   000000000000000   000   000000000000000      000000000035316163   000   000000035316163   0   0000000000   A   0   0000000000   A   000000   000000   000000000000000   000000000000000   0000A0000000
 002070   62159323004   431101            2   001   060720   00   000000   0   000000000000000   000   000000000000000   000   000000000000000      000000000001241295   000   000000001241295   0   0000000000   A   0   0000000000   A   000000   000000   000000000000000   000000000000000   0000A0000000
 002070   63304360402   030409            2   001   080720   00   000000   0   000000000000000   000   000000000000000   000   000000000000000      000000000035316163   000   000000035316163   0   0000000000   A   0   0000000000   A   000000   000000   000000000000000   000000000000000   0000A0000000
 002070   63304360402   431101            2   001   080720   00   000000   0   000000000000000   000   000000000000000   000   000000000000000      000000000001241295   000   000000001241295   0   0000000000   A   0   0000000000   A   000000   000000   000000000000000   000000000000000   0000A0000000
 002070   62777864903   060106            2   001   150720   00   000000   0   000000000000000   000   000000000000000   000   000000000000000      000000000061753961   000   000000061753961   0   0000000000   A   0   0000000000   A   000000   000000   000000000000000   000000000000000   0000A0000000
 002070   62777864903   431101            2   001   150720   00   000000   0   000000000000000   000   000000000000000   000   000000000000000      000000000001241295   000   000000001241295   0   0000000000   A   0   0000000000   A   000000   000000   000000000000000   000000000000000   0000A0000000
 002070   63216883701   130113            2   001   220720   00   000000   0   000000000000000   000   000000000000000   000   000000000000000      000000000023281046   000   000000023281046   0   0000000000   A   0   0000000000   A   000000   000000   000000000000000   000000000000000   0000A0000000
 002070   63216883701   431101            2   001   220720   00   000000   0   000000000000000   000   000000000000000   000   000000000000000      000000000001241295   000   000000001241295   0   0000000000   A   0   0000000000   A   000000   000000   000000000000000   000000000000000   0000A0000000
 002070   62983739101   080709            2   001   240720   00   000000   0   000000000000000   000   000000000000000   000   000000000000000      000000000053467487   000   000000053467487   0   0000000000   A   0   0000000000   A   000000   000000   000000000000000   000000000000000   0000A0000000
 002070   62983739101   431101            2   001   240720   00   000000   0   000000000000000   000   000000000000000   000   000000000000000      000000000001241295   000   000000001241295   0   0000000000   A   0   0000000000   A   000000   000000   000000000000000   000000000000000   0000A0000000
 002070   63056736001   100404            2   001   300720   00   000000   0   000000000000000   000   000000000000000   000   000000000000000      000000000046507568   000   000000046507568   0   0000000000   A   0   0000000000   A   000000   000000   000000000000000   000000000000000   0000A0000000
 002070   62159323004   20172X1           2   001   060720   00   000000   0   000000000000000   000   000000000000000   000   000000000000000      000000000003489090   000   000000003489090   0   0000000000   A   0   0000000000   A   000000   000000   000000000000000   000000000000000   0000A0000000
 002070   62159323004   15010X1           2   001   060720   00   000000   0   000000000000000   000   000000000000000   000   000000000000000      000000000001813500   000   000000001813500   0   0000000000   A   0   0000000000   A   000000   000000   000000000000000   000000000000000   0000A0000000
 002070   62159323004   18163X1           2   001   060720   00   000000   0   000000000000000   000   000000000000000   000   000000000000000      000000000001553400   000   000000001553400   0   0000000000   A   0   0000000000   A   000000   000000   000000000000000   000000000000000   0000A0000000
 002070   62159323004   14916X1           2   025   060720   00   000000   0   000000000000000   000   000000000000000   000   000000000000000      000000000000193053   000   000000004826318   0   0000000000   A   0   0000000000   A   000000   000000   000000000000000   000000000000000   0000A0000000
 002070   62159323004   53175X1           2   002   060720   00   000000   0   000000000000000   000   000000000000000   000   000000000000000      000000000004058998   000   000000008117995   0   0000000000   A   0   0000000000   A   000000   000000   000000000000000   000000000000000   0000A0000000
 002070   62159323004   19428X1           2   001   060720   00   000000   0   000000000000000   000   000000000000000   000   000000000000000      000000000000454114   000   000000000454114   0   0000000000   A   0   0000000000   A   000000   000000   000000000000000   000000000000000   0000A0000000
 002070   62159323004   60196X1           2   001   060720   00   000000   0   000000000000000   000   000000000000000   000   000000000000000      000000000001740058   000   000000001740058   0   0000000000   A   0   0000000000   A   000000   000000   000000000000000   000000000000000   0000A0000000
 002070   62159323004   58689X1           2   001   060720   00   000000   0   000000000000000   000   000000000000000   000   000000000000000      000000000003789454   000   000000003789454   0   0000000000   A   0   0000000000   A   000000   000000   000000000000000   000000000000000   0000A0000000
 002070   62159323004   45332X1           2   001   060720   00   000000   0   000000000000000   000   000000000000000   000   000000000000000      000000000001737178   000   000000001737178   0   0000000000   A   0   0000000000   A   000000   000000   000000000000000   000000000000000   0000A0000000
 002070   62159323004   34031X1           2   001   060720   00   000000   0   000000000000000   000   000000000000000   000   000000000000000      000000000001206392   000   000000001206392   0   0000000000   A   0   0000000000   A   000000   000000   000000000000000   000000000000000   0000A0000000
 002070   62159323004   33647X1           2   002   060720   00   000000   0   000000000000000   000   000000000000000   000   000000000000000      000000000000332682   000   000000000665363   0   0000000000   A   0   0000000000   A   000000   000000   000000000000000   000000000000000   0000A0000000
 002070   62159323004   58606X1           2   001   060720   00   000000   0   000000000000000   000   000000000000000   000   000000000000000      000000000000487627   000   000000000487627   0   0000000000   A   0   0000000000   A   000000   000000   000000000000000   000000000000000   0000A0000000
 002070   62159323004   58373X1           2   001   060720   00   000000   0   000000000000000   000   000000000000000   000   000000000000000      000000000000389168   000   000000000389168   0   0000000000   A   0   0000000000   A   000000   000000   000000000000000   000000000000000   0000A0000000
 002070   62159323004   18910X1           2   002   060720   00   000000   0   000000000000000   000   000000000000000   000   000000000000000      000000000001833258   000   000000003666517   0   0000000000   A   0   0000000000   A   000000   000000   000000000000000   000000000000000   0000A0000000
 002070   62159323004   DES00026          2   005   060720   00   000000   0   000000000000000   000   000000000000000   000   000000000000000      000000000000047855   000   000000000239274   0   0000000000   A   0   0000000000   A   000000   000000   000000000000000   000000000000000   0000A0000000
 002070   62159323004   DES00052          2   001   060720   00   000000   0   000000000000000   000   000000000000000   000   000000000000000      000000000003420873   000   000000003420873   0   0000000000   A   0   0000000000   A   000000   000000   000000000000000   000000000000000   0000A0000000
 002070   63304360402   57998X1           2   002   080720   00   000000   0   000000000000000   000   000000000000000   000   000000000000000      000000000000683196   000   000000001366393   0   0000000000   A   0   0000000000   A   000000   000000   000000000000000   000000000000000   0000A0000000
 002070   63304360402   20172X1           2   001   080720   00   000000   0   000000000000000   000   000000000000000   000   000000000000000      000000000003489090   000   000000003489090   0   0000000000   A   0   0000000000   A   000000   000000   000000000000000   000000000000000   0000A0000000
 002070   63304360402   15670X1           2   001   080720   00   000000   0   000000000000000   000   000000000000000   000   000000000000000      000000000002514970   000   000000002514970   0   0000000000   A   0   0000000000   A   000000   000000   000000000000000   000000000000000   0000A0000000
 002070   63304360402   52001X1           2   001   080720   00   000000   0   000000000000000   000   000000000000000   000   000000000000000      000000000003456981   000   000000003456981   0   0000000000   A   0   0000000000   A   000000   000000   000000000000000   000000000000000   0000A0000000
 002070   63304360402   53175X1           2   004   080720   00   000000   0   000000000000000   000   000000000000000   000   000000000000000      000000000004058997   000   000000016235989   0   0000000000   A   0   0000000000   A   000000   000000   000000000000000   000000000000000   0000A0000000
 002070   63304360402   49941X1           2   002   080720   00   000000   0   000000000000000   000   000000000000000   000   000000000000000      000000000002036306   000   000000004072612   0   0000000000   A   0   0000000000   A   000000   000000   000000000000000   000000000000000   0000A0000000
 002070   63304360402   14916X1           2   070   080720   00   000000   0   000000000000000   000   000000000000000   000   000000000000000      000000000000193053   000   000000013513689   0   0000000000   A   0   0000000000   A   000000   000000   000000000000000   000000000000000   0000A0000000
 002070   63304360402   18163X1           2   001   080720   00   000000   0   000000000000000   000   000000000000000   000   000000000000000      000000000001553400   000   000000001553400   0   0000000000   A   0   0000000000   A   000000   000000   000000000000000   000000000000000   0000A0000000
 002070   63304360402   60196X1           2   001   080720   00   000000   0   000000000000000   000   000000000000000   000   000000000000000      000000000001740058   000   000000001740058   0   0000000000   A   0   0000000000   A   000000   000000   000000000000000   000000000000000   0000A0000000
 002070   63304360402   58689X1           2   001   080720   00   000000   0   000000000000000   000   000000000000000   000   000000000000000      000000000003789454   000   000000003789454   0   0000000000   A   0   0000000000   A   000000   000000   000000000000000   000000000000000   0000A0000000
 002070   63304360402   45332X1           2   002   080720   00   000000   0   000000000000000   000   000000000000000   000   000000000000000      000000000001737178   000   000000003474356   0   0000000000   A   0   0000000000   A   000000   000000   000000000000000   000000000000000   0000A0000000
 002070   63304360402   34031X1           2   001   080720   00   000000   0   000000000000000   000   000000000000000   000   000000000000000      000000000001206392   000   000000001206392   0   0000000000   A   0   0000000000   A   000000   000000   000000000000000   000000000000000   0000A0000000
 002070   63304360402   58606X1           2   002   080720   00   000000   0   000000000000000   000   000000000000000   000   000000000000000      000000000000487627   000   000000000975254   0   0000000000   A   0   0000000000   A   000000   000000   000000000000000   000000000000000   0000A0000000
 002070   63304360402   24104X1           2   001   080720   00   000000   0   000000000000000   000   000000000000000   000   000000000000000      000000000003652110   000   000000003652110   0   0000000000   A   0   0000000000   A   000000   000000   000000000000000   000000000000000   0000A0000000
 002070   63304360402   49924X1           2   001   080720   00   000000   0   000000000000000   000   000000000000000   000   000000000000000      000000000001412419   000   000000001412419   0   0000000000   A   0   0000000000   A   000000   000000   000000000000000   000000000000000   0000A0000000
 002070   63304360402   DES00026          2   005   080720   00   000000   0   000000000000000   000   000000000000000   000   000000000000000      000000000000047855   000   000000000239274   0   0000000000   A   0   0000000000   A   000000   000000   000000000000000   000000000000000   0000A0000000
 002070   63304360402   DES00247          2   001   080720   00   000000   0   000000000000000   000   000000000000000   000   000000000000000      000000000002472750   000   000000002472750   0   0000000000   A   0   0000000000   A   000000   000000   000000000000000   000000000000000   0000A0000000
 002070   63304360402   DES00052          2   001   080720   00   000000   0   000000000000000   000   000000000000000   000   000000000000000      000000000003420873   000   000000003420873   0   0000000000   A   0   0000000000   A   000000   000000   000000000000000   000000000000000   0000A0000000
 002070   63304360402   33647X1           2   002   080720   00   000000   0   000000000000000   000   000000000000000   000   000000000000000      000000000000332682   000   000000000665363   0   0000000000   A   0   0000000000   A   000000   000000   000000000000000   000000000000000   0000A0000000
 002070   62777864903   57998X1           2   001   150720   00   000000   0   000000000000000   000   000000000000000   000   000000000000000      000000000000683196   000   000000000683196   0   0000000000   A   0   0000000000   A   000000   000000   000000000000000   000000000000000   0000A0000000
 002070   62777864903   20172X1           2   001   150720   00   000000   0   000000000000000   000   000000000000000   000   000000000000000      000000000003489090   000   000000003489090   0   0000000000   A   0   0000000000   A   000000   000000   000000000000000   000000000000000   0000A0000000
 002070   62777864903   15670X1           2   001   150720   00   000000   0   000000000000000   000   000000000000000   000   000000000000000      000000000002514970   000   000000002514970   0   0000000000   A   0   0000000000   A   000000   000000   000000000000000   000000000000000   0000A0000000
 002070   62777864903   45332X1           2   002   150720   00   000000   0   000000000000000   000   000000000000000   000   000000000000000      000000000001737178   000   000000003474356   0   0000000000   A   0   0000000000   A   000000   000000   000000000000000   000000000000000   0000A0000000
 002070   62777864903   52001X1           2   001   150720   00   000000   0   000000000000000   000   000000000000000   000   000000000000000      000000000003456981   000   000000003456981   0   0000000000   A   0   0000000000   A   000000   000000   000000000000000   000000000000000   0000A0000000
 002070   62777864903   14916X1           2   030   150720   00   000000   0   000000000000000   000   000000000000000   000   000000000000000      000000000000193053   000   000000005791581   0   0000000000   A   0   0000000000   A   000000   000000   000000000000000   000000000000000   0000A0000000
 002070   62777864903   49941X1           2   001   150720   00   000000   0   000000000000000   000   000000000000000   000   000000000000000      000000000002036306   000   000000002036306   0   0000000000   A   0   0000000000   A   000000   000000   000000000000000   000000000000000   0000A0000000
 002070   62777864903   53175X1           2   005   150720   00   000000   0   000000000000000   000   000000000000000   000   000000000000000      000000000004058997   000   000000020294986   0   0000000000   A   0   0000000000   A   000000   000000   000000000000000   000000000000000   0000A0000000
 002070   62777864903   19428X1           2   001   150720   00   000000   0   000000000000000   000   000000000000000   000   000000000000000      000000000000454114   000   000000000454114   0   0000000000   A   0   0000000000   A   000000   000000   000000000000000   000000000000000   0000A0000000
 002070   62777864903   32583X1           2   001   150720   00   000000   0   000000000000000   000   000000000000000   000   000000000000000      000000000000747275   000   000000000747275   0   0000000000   A   0   0000000000   A   000000   000000   000000000000000   000000000000000   0000A0000000
 002070   62777864903   24577X1           2   001   150720   00   000000   0   000000000000000   000   000000000000000   000   000000000000000      000000000000432824   000   000000000432824   0   0000000000   A   0   0000000000   A   000000   000000   000000000000000   000000000000000   0000A0000000
 002070   62777864903   60196X1           2   001   150720   00   000000   0   000000000000000   000   000000000000000   000   000000000000000      000000000001740058   000   000000001740058   0   0000000000   A   0   0000000000   A   000000   000000   000000000000000   000000000000000   0000A0000000
 002070   62777864903   58689X1           2   001   150720   00   000000   0   000000000000000   000   000000000000000   000   000000000000000      000000000003789454   000   000000003789454   0   0000000000   A   0   0000000000   A   000000   000000   000000000000000   000000000000000   0000A0000000
 002070   62777864903   45332X1           2   001   150720   00   000000   0   000000000000000   000   000000000000000   000   000000000000000      000000000001737178   000   000000001737178   0   0000000000   A   0   0000000000   A   000000   000000   000000000000000   000000000000000   0000A0000000
 002070   62777864903   34031X1           2   001   150720   00   000000   0   000000000000000   000   000000000000000   000   000000000000000      000000000001206392   000   000000001206392   0   0000000000   A   0   0000000000   A   000000   000000   000000000000000   000000000000000   0000A0000000
 002070   62777864903   33647X1           2   002   150720   00   000000   0   000000000000000   000   000000000000000   000   000000000000000      000000000000332682   000   000000000665363   0   0000000000   A   0   0000000000   A   000000   000000   000000000000000   000000000000000   0000A0000000
 002070   62777864903   58606X1           2   002   150720   00   000000   0   000000000000000   000   000000000000000   000   000000000000000      000000000000487627   000   000000000975254   0   0000000000   A   0   0000000000   A   000000   000000   000000000000000   000000000000000   0000A0000000
 002070   62777864903   58373X1           2   001   150720   00   000000   0   000000000000000   000   000000000000000   000   000000000000000      000000000000389168   000   000000000389168   0   0000000000   A   0   0000000000   A   000000   000000   000000000000000   000000000000000   0000A0000000
 002070   62777864903   24104X1           2   001   150720   00   000000   0   000000000000000   000   000000000000000   000   000000000000000      000000000003652110   000   000000003652110   0   0000000000   A   0   0000000000   A   000000   000000   000000000000000   000000000000000   0000A0000000
 002070   62777864903   18910X1           2   004   150720   00   000000   0   000000000000000   000   000000000000000   000   000000000000000      000000000001833258   000   000000007333034   0   0000000000   A   0   0000000000   A   000000   000000   000000000000000   000000000000000   0000A0000000
 002070   62777864903   DES00026          2   005   150720   00   000000   0   000000000000000   000   000000000000000   000   000000000000000      000000000000047855   000   000000000239274   0   0000000000   A   0   0000000000   A   000000   000000   000000000000000   000000000000000   0000A0000000
 002070   62777864903   DES00247          2   001   150720   00   000000   0   000000000000000   000   000000000000000   000   000000000000000      000000000002472750   000   000000002472750   0   0000000000   A   0   0000000000   A   000000   000000   000000000000000   000000000000000   0000A0000000
 002070   62777864903   DES00052          2   001   150720   00   000000   0   000000000000000   000   000000000000000   000   000000000000000      000000000003420873   000   000000003420873   0   0000000000   A   0   0000000000   A   000000   000000   000000000000000   000000000000000   0000A0000000
 002070   63216883701   57998X1           2   001   220720   00   000000   0   000000000000000   000   000000000000000   000   000000000000000      000000000000683196   000   000000000683196   0   0000000000   A   0   0000000000   A   000000   000000   000000000000000   000000000000000   0000A0000000
 002070   63216883701   15010X1           2   001   220720   00   000000   0   000000000000000   000   000000000000000   000   000000000000000      000000000001813500   000   000000001813500   0   0000000000   A   0   0000000000   A   000000   000000   000000000000000   000000000000000   0000A0000000
 002070   63216883701   20172X1           2   001   220720   00   000000   0   000000000000000   000   000000000000000   000   000000000000000      000000000003489090   000   000000003489090   0   0000000000   A   0   0000000000   A   000000   000000   000000000000000   000000000000000   0000A0000000
 002070   63216883701   49941X1           2   001   220720   00   000000   0   000000000000000   000   000000000000000   000   000000000000000      000000000002036306   000   000000002036306   0   0000000000   A   0   0000000000   A   000000   000000   000000000000000   000000000000000   0000A0000000
 002070   63216883701   53175X1           2   005   220720   00   000000   0   000000000000000   000   000000000000000   000   000000000000000      000000000004058997   000   000000020294986   0   0000000000   A   0   0000000000   A   000000   000000   000000000000000   000000000000000   0000A0000000
 002070   63216883701   14916X1           2   030   220720   00   000000   0   000000000000000   000   000000000000000   000   000000000000000      000000000000193053   000   000000005791581   0   0000000000   A   0   0000000000   A   000000   000000   000000000000000   000000000000000   0000A0000000
 002070   63216883701   19428X1           2   002   220720   00   000000   0   000000000000000   000   000000000000000   000   000000000000000      000000000000454114   000   000000000908228   0   0000000000   A   0   0000000000   A   000000   000000   000000000000000   000000000000000   0000A0000000
 002070   63216883701   24577X1           2   001   220720   00   000000   0   000000000000000   000   000000000000000   000   000000000000000      000000000000432824   000   000000000432824   0   0000000000   A   0   0000000000   A   000000   000000   000000000000000   000000000000000   0000A0000000
 002070   63216883701   58689X1           2   001   220720   00   000000   0   000000000000000   000   000000000000000   000   000000000000000      000000000003789454   000   000000003789454   0   0000000000   A   0   0000000000   A   000000   000000   000000000000000   000000000000000   0000A0000000
 002070   63216883701   45332X1           2   001   220720   00   000000   0   000000000000000   000   000000000000000   000   000000000000000      000000000001737178   000   000000001737178   0   0000000000   A   0   0000000000   A   000000   000000   000000000000000   000000000000000   0000A0000000
 002070   63216883701   34031X1           2   001   220720   00   000000   0   000000000000000   000   000000000000000   000   000000000000000      000000000001206392   000   000000001206392   0   0000000000   A   0   0000000000   A   000000   000000   000000000000000   000000000000000   0000A0000000
 002070   63216883701   58606X1           2   002   220720   00   000000   0   000000000000000   000   000000000000000   000   000000000000000      000000000000487627   000   000000000975254   0   0000000000   A   0   0000000000   A   000000   000000   000000000000000   000000000000000   0000A0000000
 002070   63216883701   58373X1           2   001   220720   00   000000   0   000000000000000   000   000000000000000   000   000000000000000      000000000000389168   000   000000000389168   0   0000000000   A   0   0000000000   A   000000   000000   000000000000000   000000000000000   0000A0000000
 002070   63216883701   24104X1           2   001   220720   00   000000   0   000000000000000   000   000000000000000   000   000000000000000      000000000003652110   000   000000003652110   0   0000000000   A   0   0000000000   A   000000   000000   000000000000000   000000000000000   0000A0000000
 002070   63216883701   49924X1           2   002   220720   00   000000   0   000000000000000   000   000000000000000   000   000000000000000      000000000001412418   000   000000002824837   0   0000000000   A   0   0000000000   A   000000   000000   000000000000000   000000000000000   0000A0000000
 002070   63216883701   18910X1           2   004   220720   00   000000   0   000000000000000   000   000000000000000   000   000000000000000      000000000001833258   000   000000007333034   0   0000000000   A   0   0000000000   A   000000   000000   000000000000000   000000000000000   0000A0000000
 002070   63216883701   DES00247          2   001   220720   00   000000   0   000000000000000   000   000000000000000   000   000000000000000      000000000002472750   000   000000002472750   0   0000000000   A   0   0000000000   A   000000   000000   000000000000000   000000000000000   0000A0000000
 002070   63216883701   DES00052          2   001   220720   00   000000   0   000000000000000   000   000000000000000   000   000000000000000      000000000003420873   000   000000003420873   0   0000000000   A   0   0000000000   A   000000   000000   000000000000000   000000000000000   0000A0000000
 002070   62983739101   DES00038          2   001   240720   00   000000   0   000000000000000   000   000000000000000   000   000000000000000      000000000010300500   000   000000010300500   0   0000000000   A   0   0000000000   A   000000   000000   000000000000000   000000000000000   0000A0000000
 002070   62983739101   DES00185          2   002   240720   00   000000   0   000000000000000   000   000000000000000   000   000000000000000      000000000011907000   000   000000023814000   0   0000000000   A   0   0000000000   A   000000   000000   000000000000000   000000000000000   0000A0000000
 002070   62983739101   DES00200          2   002   240720   00   000000   0   000000000000000   000   000000000000000   000   000000000000000      000000000012631517   000   000000025263034   0   0000000000   A   0   0000000000   A   000000   000000   000000000000000   000000000000000   0000A0000000
 002070   62983739101   20172X1           2   001   240720   00   000000   0   000000000000000   000   000000000000000   000   000000000000000      000000000003489090   000   000000003489090   0   0000000000   A   0   0000000000   A   000000   000000   000000000000000   000000000000000   0000A0000000
 002070   62983739101   15010X1           2   001   240720   00   000000   0   000000000000000   000   000000000000000   000   000000000000000      000000000001813500   000   000000001813500   0   0000000000   A   0   0000000000   A   000000   000000   000000000000000   000000000000000   0000A0000000
 002070   62983739101   18168X1           2   001   240720   00   000000   0   000000000000000   000   000000000000000   000   000000000000000      000000000000945900   000   000000000945900   0   0000000000   A   0   0000000000   A   000000   000000   000000000000000   000000000000000   0000A0000000
 002070   62983739101   52001X1           2   001   240720   00   000000   0   000000000000000   000   000000000000000   000   000000000000000      000000000003456981   000   000000003456981   0   0000000000   A   0   0000000000   A   000000   000000   000000000000000   000000000000000   0000A0000000
 002070   62983739101   14916X1           2   085   240720   00   000000   0   000000000000000   000   000000000000000   000   000000000000000      000000000000193053   000   000000016409480   0   0000000000   A   0   0000000000   A   000000   000000   000000000000000   000000000000000   0000A0000000
 002070   62983739101   53175X1           2   006   240720   00   000000   0   000000000000000   000   000000000000000   000   000000000000000      000000000004058997   000   000000024353984   0   0000000000   A   0   0000000000   A   000000   000000   000000000000000   000000000000000   0000A0000000
 002070   62983739101   19428X1           2   001   240720   00   000000   0   000000000000000   000   000000000000000   000   000000000000000      000000000000454114   000   000000000454114   0   0000000000   A   0   0000000000   A   000000   000000   000000000000000   000000000000000   0000A0000000
 002070   62983739101   32583X1           2   001   240720   00   000000   0   000000000000000   000   000000000000000   000   000000000000000      000000000000747275   000   000000000747275   0   0000000000   A   0   0000000000   A   000000   000000   000000000000000   000000000000000   0000A0000000
 002070   62983739101   58689X1           2   001   240720   00   000000   0   000000000000000   000   000000000000000   000   000000000000000      000000000003789454   000   000000003789454   0   0000000000   A   0   0000000000   A   000000   000000   000000000000000   000000000000000   0000A0000000
 002070   62983739101   34031X1           2   001   240720   00   000000   0   000000000000000   000   000000000000000   000   000000000000000      000000000001206392   000   000000001206392   0   0000000000   A   0   0000000000   A   000000   000000   000000000000000   000000000000000   0000A0000000
 002070   62983739101   58373X1           2   001   240720   00   000000   0   000000000000000   000   000000000000000   000   000000000000000      000000000000389168   000   000000000389168   0   0000000000   A   0   0000000000   A   000000   000000   000000000000000   000000000000000   0000A0000000
 002070   62983739101   49924X1           2   002   240720   00   000000   0   000000000000000   000   000000000000000   000   000000000000000      000000000001412418   000   000000002824837   0   0000000000   A   0   0000000000   A   000000   000000   000000000000000   000000000000000   0000A0000000
 002070   62983739101   18910X1           2   004   240720   00   000000   0   000000000000000   000   000000000000000   000   000000000000000      000000000001833258   000   000000007333034   0   0000000000   A   0   0000000000   A   000000   000000   000000000000000   000000000000000   0000A0000000
 002070   62983739101   DES00026          2   005   240720   00   000000   0   000000000000000   000   000000000000000   000   000000000000000      000000000000047855   000   000000000239274   0   0000000000   A   0   0000000000   A   000000   000000   000000000000000   000000000000000   0000A0000000
 002070   62983739101   DES00052          2   001   240720   00   000000   0   000000000000000   000   000000000000000   000   000000000000000      000000000003420873   000   000000003420873   0   0000000000   A   0   0000000000   A   000000   000000   000000000000000   000000000000000   0000A0000000
 002070   63056736001   22323X1           2   001   300720   00   000000   0   000000000000000   000   000000000000000   000   000000000000000      000000000002098942   000   000000002098942   0   0000000000   A   0   0000000000   A   000000   000000   000000000000000   000000000000000   0000A0000000
 002070   63056736001   18168X1           2   002   300720   00   000000   0   000000000000000   000   000000000000000   000   000000000000000      000000000000945900   000   000000001891800   0   0000000000   A   0   0000000000   A   000000   000000   000000000000000   000000000000000   0000A0000000
 002070   63056736001   55443X1           2   001   300720   00   000000   0   000000000000000   000   000000000000000   000   000000000000000      000000000005041306   000   000000005041306   0   0000000000   A   0   0000000000   A   000000   000000   000000000000000   000000000000000   0000A0000000
 002070   63056736001   56870X1           2   002   300720   00   000000   0   000000000000000   000   000000000000000   000   000000000000000      000000000003767335   000   000000007534670   0   0000000000   A   0   0000000000   A   000000   000000   000000000000000   000000000000000   0000A0000000
 002070   63056736001   53175X1           2   002   300720   00   000000   0   000000000000000   000   000000000000000   000   000000000000000      000000000004058998   000   000000008117995   0   0000000000   A   0   0000000000   A   000000   000000   000000000000000   000000000000000   0000A0000000
 002070   63056736001   57916X1           2   001   300720   00   000000   0   000000000000000   000   000000000000000   000   000000000000000      000000000003819600   000   000000003819600   0   0000000000   A   0   0000000000   A   000000   000000   000000000000000   000000000000000   0000A0000000
 002070   63056736001   60196X1           2   001   300720   00   000000   0   000000000000000   000   000000000000000   000   000000000000000      000000000001740058   000   000000001740058   0   0000000000   A   0   0000000000   A   000000   000000   000000000000000   000000000000000   0000A0000000
 002070   63056736001   31837X1           2   001   300720   00   000000   0   000000000000000   000   000000000000000   000   000000000000000      000000000001345371   000   000000001345371   0   0000000000   A   0   0000000000   A   000000   000000   000000000000000   000000000000000   0000A0000000
 002070   63056736001   34031X1           2   001   300720   00   000000   0   000000000000000   000   000000000000000   000   000000000000000      000000000001206392   000   000000001206392   0   0000000000   A   0   0000000000   A   000000   000000   000000000000000   000000000000000   0000A0000000
 002070   63056736001   58373X1           2   001   300720   00   000000   0   000000000000000   000   000000000000000   000   000000000000000      000000000000389168   000   000000000389168   0   0000000000   A   0   0000000000   A   000000   000000   000000000000000   000000000000000   0000A0000000
 002070   63056736001   29366X1           2   001   300720   00   000000   0   000000000000000   000   000000000000000   000   000000000000000      000000000000528681   000   000000000528681   0   0000000000   A   0   0000000000   A   000000   000000   000000000000000   000000000000000   0000A0000000
 002070   63056736001   DES00026          2   005   300720   00   000000   0   000000000000000   000   000000000000000   000   000000000000000      000000000000047855   000   000000000239274   0   0000000000   A   0   0000000000   A   000000   000000   000000000000000   000000000000000   0000A0000000
 002070   63056736001   DES00247          2   001   300720   00   000000   0   000000000000000   000   000000000000000   000   000000000000000      000000000002472750   000   000000002472750   0   0000000000   A   0   0000000000   A   000000   000000   000000000000000   000000000000000   0000A0000000
 002070   63304360402   DES00055          2   001   080720   00   000000   0   000000000000000   000   000000000000000   000   000000000000000      000000000001184071   000   000000001184071   0   0000000000   A   0   0000000000   A   000000   000000   000000000000000   000000000000000   0000A0000000
 002070   63304360402   53179X1           2   001   080720   00   000000   0   000000000000000   000   000000000000000   000   000000000000000      000000000004649817   000   000000004649817   0   0000000000   A   0   0000000000   A   000000   000000   000000000000000   000000000000000   0000A0000000
 002070   63304360402   58606X1           2   003   080720   00   000000   0   000000000000000   000   000000000000000   000   000000000000000      000000000000487627   000   000000001462882   0   0000000000   A   0   0000000000   A   000000   000000   000000000000000   000000000000000   0000A0000000
 002070   63304360402   DES00055          2   001   080720   00   000000   0   000000000000000   000   000000000000000   000   000000000000000      000000000001184071   000   000000001184071   0   0000000000   A   0   0000000000   A   000000   000000   000000000000000   000000000000000   0000A0000000
 002070   63304360402   DES00045          2   001   080720   00   000000   0   000000000000000   000   000000000000000   000   000000000000000      000000000000168489   000   000000000168489   0   0000000000   A   0   0000000000   A   000000   000000   000000000000000   000000000000000   0000A0000000
 002070   63304360402   DES00248          2   001   080720   00   000000   0   000000000000000   000   000000000000000   000   000000000000000      000000000002472750   000   000000002472750   0   0000000000   A   0   0000000000   A   000000   000000   000000000000000   000000000000000   0000A0000000
 002070   63304360402   29366X1           2   001   080720   00   000000   0   000000000000000   000   000000000000000   000   000000000000000      000000000000528681   000   000000000528681   0   0000000000   A   0   0000000000   A   000000   000000   000000000000000   000000000000000   0000A0000000
 002070   63304360402   49941X1           2   003   080720   00   000000   0   000000000000000   000   000000000000000   000   000000000000000      000000000002036306   000   000000006108917   0   0000000000   A   0   0000000000   A   000000   000000   000000000000000   000000000000000   0000A0000000
 002070   63304360402   DES00047          2   001   080720   00   000000   0   000000000000000   000   000000000000000   000   000000000000000      000000000004095457   000   000000004095457   0   0000000000   A   0   0000000000   A   000000   000000   000000000000000   000000000000000   0000A0000000
 002070   63304360402   45332X1           2   003   080720   00   000000   0   000000000000000   000   000000000000000   000   000000000000000      000000000001737178   000   000000005211535   0   0000000000   A   0   0000000000   A   000000   000000   000000000000000   000000000000000   0000A0000000
 002070   63304360402   45717X1           2   001   080720   00   000000   0   000000000000000   000   000000000000000   000   000000000000000      000000000000034968   000   000000000034968   0   0000000000   A   0   0000000000   A   000000   000000   000000000000000   000000000000000   0000A0000000
 002070   63304360402   32583X1           2   002   100720   00   000000   0   000000000000000   000   000000000000000   000   000000000000000      000000000000747276   000   000000001494551   0   0000000000   A   0   0000000000   A   000000   000000   000000000000000   000000000000000   0000A0000000
 002070   62777864903   53175X1           2   001   150720   00   000000   0   000000000000000   000   000000000000000   000   000000000000000      000000000004058997   000   000000004058997   0   0000000000   A   0   0000000000   A   000000   000000   000000000000000   000000000000000   0000A0000000
 002070   62777864903   DES00055          2   001   150720   00   000000   0   000000000000000   000   000000000000000   000   000000000000000      000000000001184071   000   000000001184071   0   0000000000   A   0   0000000000   A   000000   000000   000000000000000   000000000000000   0000A0000000
 002070   62777864903   58606X1           2   003   150720   00   000000   0   000000000000000   000   000000000000000   000   000000000000000      000000000000487627   000   000000001462882   0   0000000000   A   0   0000000000   A   000000   000000   000000000000000   000000000000000   0000A0000000
 002070   62777864903   32583X1           2   002   150720   00   000000   0   000000000000000   000   000000000000000   000   000000000000000      000000000000747276   000   000000001494551   0   0000000000   A   0   0000000000   A   000000   000000   000000000000000   000000000000000   0000A0000000
 002070   62777864903   DES00055          2   001   150720   00   000000   0   000000000000000   000   000000000000000   000   000000000000000      000000000001184071   000   000000001184071   0   0000000000   A   0   0000000000   A   000000   000000   000000000000000   000000000000000   0000A0000000
 002070   62777864903   DES00045          2   001   150720   00   000000   0   000000000000000   000   000000000000000   000   000000000000000      000000000000168489   000   000000000168489   0   0000000000   A   0   0000000000   A   000000   000000   000000000000000   000000000000000   0000A0000000
 002070   62777864903   DES00248          2   001   150720   00   000000   0   000000000000000   000   000000000000000   000   000000000000000      000000000002472750   000   000000002472750   0   0000000000   A   0   0000000000   A   000000   000000   000000000000000   000000000000000   0000A0000000
 002070   62777864903   29366X1           2   001   150720   00   000000   0   000000000000000   000   000000000000000   000   000000000000000      000000000000528681   000   000000000528681   0   0000000000   A   0   0000000000   A   000000   000000   000000000000000   000000000000000   0000A0000000
 002070   62777864903   49941X1           2   003   150720   00   000000   0   000000000000000   000   000000000000000   000   000000000000000      000000000002036306   000   000000006108917   0   0000000000   A   0   0000000000   A   000000   000000   000000000000000   000000000000000   0000A0000000
 002070   62777864903   53175X1           2   001   150720   00   000000   0   000000000000000   000   000000000000000   000   000000000000000      000000000004058997   000   000000004058997   0   0000000000   A   0   0000000000   A   000000   000000   000000000000000   000000000000000   0000A0000000
 002070   62777864903   DES00047          2   001   150720   00   000000   0   000000000000000   000   000000000000000   000   000000000000000      000000000004095457   000   000000004095457   0   0000000000   A   0   0000000000   A   000000   000000   000000000000000   000000000000000   0000A0000000
 002070   62777864903   45332X1           2   004   150720   00   000000   0   000000000000000   000   000000000000000   000   000000000000000      000000000001737178   000   000000006948713   0   0000000000   A   0   0000000000   A   000000   000000   000000000000000   000000000000000   0000A0000000
 002070   62777864903   53179X1           2   001   150720   00   000000   0   000000000000000   000   000000000000000   000   000000000000000      000000000004649817   000   000000004649817   0   0000000000   A   0   0000000000   A   000000   000000   000000000000000   000000000000000   0000A0000000
 002070   62777864903   58373X1           2   001   160720   00   000000   0   000000000000000   000   000000000000000   000   000000000000000      000000000000389168   000   000000000389168   0   0000000000   A   0   0000000000   A   000000   000000   000000000000000   000000000000000   0000A0000000
 002070   62777864903   45717X1           2   001   160720   00   000000   0   000000000000000   000   000000000000000   000   000000000000000      000000000000034968   000   000000000034968   0   0000000000   A   0   0000000000   A   000000   000000   000000000000000   000000000000000   0000A0000000
 002070   62777864903   58606X1           2   003   160720   00   000000   0   000000000000000   000   000000000000000   000   000000000000000      000000000000487627   000   000000001462882   0   0000000000   A   0   0000000000   A   000000   000000   000000000000000   000000000000000   0000A0000000
 002070   62777864903   32583X1           2   002   160720   00   000000   0   000000000000000   000   000000000000000   000   000000000000000      000000000000747276   000   000000001494551   0   0000000000   A   0   0000000000   A   000000   000000   000000000000000   000000000000000   0000A0000000
 002070   62777864903   53179X1           2   001   160720   00   000000   0   000000000000000   000   000000000000000   000   000000000000000      000000000004649817   000   000000004649817   0   0000000000   A   0   0000000000   A   000000   000000   000000000000000   000000000000000   0000A0000000
 002070   63216883701   DES00055          2   001   220720   00   000000   0   000000000000000   000   000000000000000   000   000000000000000      000000000001184071   000   000000001184071   0   0000000000   A   0   0000000000   A   000000   000000   000000000000000   000000000000000   0000A0000000
 002070   63216883701   53179X1           2   001   220720   00   000000   0   000000000000000   000   000000000000000   000   000000000000000      000000000004649817   000   000000004649817   0   0000000000   A   0   0000000000   A   000000   000000   000000000000000   000000000000000   0000A0000000
 002070   63216883701   58606X1           2   003   220720   00   000000   0   000000000000000   000   000000000000000   000   000000000000000      000000000000487627   000   000000001462882   0   0000000000   A   0   0000000000   A   000000   000000   000000000000000   000000000000000   0000A0000000
 002070   63216883701   DES00055          2   001   220720   00   000000   0   000000000000000   000   000000000000000   000   000000000000000      000000000001184071   000   000000001184071   0   0000000000   A   0   0000000000   A   000000   000000   000000000000000   000000000000000   0000A0000000
 002070   63216883701   DES00045          2   001   220720   00   000000   0   000000000000000   000   000000000000000   000   000000000000000      000000000000168489   000   000000000168489   0   0000000000   A   0   0000000000   A   000000   000000   000000000000000   000000000000000   0000A0000000
 002070   63216883701   DES00248          2   001   220720   00   000000   0   000000000000000   000   000000000000000   000   000000000000000      000000000002472750   000   000000002472750   0   0000000000   A   0   0000000000   A   000000   000000   000000000000000   000000000000000   0000A0000000
 002070   63216883701   29366X1           2   001   220720   00   000000   0   000000000000000   000   000000000000000   000   000000000000000      000000000000528681   000   000000000528681   0   0000000000   A   0   0000000000   A   000000   000000   000000000000000   000000000000000   0000A0000000
 002070   63216883701   49941X1           2   001   220720   00   000000   0   000000000000000   000   000000000000000   000   000000000000000      000000000002036306   000   000000002036306   0   0000000000   A   0   0000000000   A   000000   000000   000000000000000   000000000000000   0000A0000000
 002070   63216883701   DES00047          2   001   220720   00   000000   0   000000000000000   000   000000000000000   000   000000000000000      000000000004095457   000   000000004095457   0   0000000000   A   0   0000000000   A   000000   000000   000000000000000   000000000000000   0000A0000000
 002070   63216883701   53175X1           2   001   220720   00   000000   0   000000000000000   000   000000000000000   000   000000000000000      000000000004058997   000   000000004058997   0   0000000000   A   0   0000000000   A   000000   000000   000000000000000   000000000000000   0000A0000000
 002070   62983739101   DES00017          2   001   230720   00   000000   0   000000000000000   000   000000000000000   000   000000000000000      000000000000382801   000   000000000382801   0   0000000000   A   0   0000000000   A   000000   000000   000000000000000   000000000000000   0000A0000000
 002070   62983739101   DES00045          2   001   230720   00   000000   0   000000000000000   000   000000000000000   000   000000000000000      000000000000168489   000   000000000168489   0   0000000000   A   0   0000000000   A   000000   000000   000000000000000   000000000000000   0000A0000000
 002070   62983739101   DES00054          2   001   230720   00   000000   0   000000000000000   000   000000000000000   000   000000000000000      000000000000381150   000   000000000381150   0   0000000000   A   0   0000000000   A   000000   000000   000000000000000   000000000000000   0000A0000000
 002070   62983739101   DES00247          2   001   230720   00   000000   0   000000000000000   000   000000000000000   000   000000000000000      000000000002472750   000   000000002472750   0   0000000000   A   0   0000000000   A   000000   000000   000000000000000   000000000000000   0000A0000000
 002070   62983739101   53175X1           2   001   230720   00   000000   0   000000000000000   000   000000000000000   000   000000000000000      000000000004058997   000   000000004058997   0   0000000000   A   0   0000000000   A   000000   000000   000000000000000   000000000000000   0000A0000000
 002070   62983739101   DES00026          2   003   230720   00   000000   0   000000000000000   000   000000000000000   000   000000000000000      000000000000047855   000   000000000143564   0   0000000000   A   0   0000000000   A   000000   000000   000000000000000   000000000000000   0000A0000000
 002070   62983739101   58606X1           2   003   240720   00   000000   0   000000000000000   000   000000000000000   000   000000000000000      000000000000487627   000   000000001462882   0   0000000000   A   0   0000000000   A   000000   000000   000000000000000   000000000000000   0000A0000000
 002070   62983739101   58373X1           2   001   240720   00   000000   0   000000000000000   000   000000000000000   000   000000000000000      000000000000389168   000   000000000389168   0   0000000000   A   0   0000000000   A   000000   000000   000000000000000   000000000000000   0000A0000000
 002070   62983739101   DES00051          2   002   240720   00   000000   0   000000000000000   000   000000000000000   000   000000000000000      000000000004095457   000   000000008190914   0   0000000000   A   0   0000000000   A   000000   000000   000000000000000   000000000000000   0000A0000000
 002070   62983739101   29366X1           2   001   240720   00   000000   0   000000000000000   000   000000000000000   000   000000000000000      000000000000528681   000   000000000528681   0   0000000000   A   0   0000000000   A   000000   000000   000000000000000   000000000000000   0000A0000000
 002070   62983739101   DES00055          2   002   240720   00   000000   0   000000000000000   000   000000000000000   000   000000000000000      000000000001184070   000   000000002368141   0   0000000000   A   0   0000000000   A   000000   000000   000000000000000   000000000000000   0000A0000000
 002070   62983739101   49924X1           2   005   240720   00   000000   0   000000000000000   000   000000000000000   000   000000000000000      000000000001412419   000   000000007062093   0   0000000000   A   0   0000000000   A   000000   000000   000000000000000   000000000000000   0000A0000000
 002070   62983739101   53175X1           2   003   240720   00   000000   0   000000000000000   000   000000000000000   000   000000000000000      000000000004058997   000   000000012176992   0   0000000000   A   0   0000000000   A   000000   000000   000000000000000   000000000000000   0000A0000000
 002070   62983739101   26109X1           2   002   240720   00   000000   0   000000000000000   000   000000000000000   000   000000000000000      000000000000585000   000   000000001170000   0   0000000000   A   0   0000000000   A   000000   000000   000000000000000   000000000000000   0000A0000000
 002070   62983739101   53986X1           2   002   240720   00   000000   0   000000000000000   000   000000000000000   000   000000000000000      000000000000238054   000   000000000476107   0   0000000000   A   0   0000000000   A   000000   000000   000000000000000   000000000000000   0000A0000000
 002070   62983739101   DES00248          2   001   240720   00   000000   0   000000000000000   000   000000000000000   000   000000000000000      000000000002472750   000   000000002472750   0   0000000000   A   0   0000000000   A   000000   000000   000000000000000   000000000000000   0000A0000000
 002070   62983739101   DES00056          2   001   240720   00   000000   0   000000000000000   000   000000000000000   000   000000000000000      000000000004095457   000   000000004095457   0   0000000000   A   0   0000000000   A   000000   000000   000000000000000   000000000000000   0000A0000000
 002070   62983739101   49924X1           2   001   240720   00   000000   0   000000000000000   000   000000000000000   000   000000000000000      000000000001412419   000   000000001412419   0   0000000000   A   0   0000000000   A   000000   000000   000000000000000   000000000000000   0000A0000000
 002070   62983739101   56867X1           2   001   240720   00   000000   0   000000000000000   000   000000000000000   000   000000000000000      000000000003573728   000   000000003573728   0   0000000000   A   0   0000000000   A   000000   000000   000000000000000   000000000000000   0000A0000000
 002070   62983739101   29366X1           2   003   240720   00   000000   0   000000000000000   000   000000000000000   000   000000000000000      000000000000528681   000   000000001586042   0   0000000000   A   0   0000000000   A   000000   000000   000000000000000   000000000000000   0000A0000000
 002070   62983739101   58373X1           2   003   240720   00   000000   0   000000000000000   000   000000000000000   000   000000000000000      000000000000389168   000   000000001167504   0   0000000000   A   0   0000000000   A   000000   000000   000000000000000   000000000000000   0000A0000000
 002070   62983739101   22323X1           2   002   240720   00   000000   0   000000000000000   000   000000000000000   000   000000000000000      000000000002098942   000   000000004197884   0   0000000000   A   0   0000000000   A   000000   000000   000000000000000   000000000000000   0000A0000000
 002070   62983739101   53175X1           2   004   240720   00   000000   0   000000000000000   000   000000000000000   000   000000000000000      000000000004058997   000   000000016235989   0   0000000000   A   0   0000000000   A   000000   000000   000000000000000   000000000000000   0000A0000000
 002070   62983739101   26109X1           2   004   240720   00   000000   0   000000000000000   000   000000000000000   000   000000000000000      000000000000585000   000   000000002340000   0   0000000000   A   0   0000000000   A   000000   000000   000000000000000   000000000000000   0000A0000000
 002070   62983739101   53175X1           2   001   240720   00   000000   0   000000000000000   000   000000000000000   000   000000000000000      000000000004058997   000   000000004058997   0   0000000000   A   0   0000000000   A   000000   000000   000000000000000   000000000000000   0000A0000000
 002070   62983739101   58606X1           2   003   240720   00   000000   0   000000000000000   000   000000000000000   000   000000000000000      000000000000487627   000   000000001462882   0   0000000000   A   0   0000000000   A   000000   000000   000000000000000   000000000000000   0000A0000000
 002070   62983739101   56867X1           2   001   240720   00   000000   0   000000000000000   000   000000000000000   000   000000000000000      000000000003573728   000   000000003573728   0   0000000000   A   0   0000000000   A   000000   000000   000000000000000   000000000000000   0000A0000000
 002070   62983739101   DES00011          2   001   240720   00   000000   0   000000000000000   000   000000000000000   000   000000000000000      000000000000156545   000   000000000156545   0   0000000000   A   0   0000000000   A   000000   000000   000000000000000   000000000000000   0000A0000000
 002070   62983739101   DES00026          2   003   240720   00   000000   0   000000000000000   000   000000000000000   000   000000000000000      000000000000047855   000   000000000143564   0   0000000000   A   0   0000000000   A   000000   000000   000000000000000   000000000000000   0000A0000000
 002070   62983739101   58373X1           2   001   240720   00   000000   0   000000000000000   000   000000000000000   000   000000000000000      000000000000389168   000   000000000389168   0   0000000000   A   0   0000000000   A   000000   000000   000000000000000   000000000000000   0000A0000000
 002070   62983739101   29366X1           2   001   240720   00   000000   0   000000000000000   000   000000000000000   000   000000000000000      000000000000528681   000   000000000528681   0   0000000000   A   0   0000000000   A   000000   000000   000000000000000   000000000000000   0000A0000000
 002070   62983739101   53175X1           2   001   240720   00   000000   0   000000000000000   000   000000000000000   000   000000000000000      000000000004058997   000   000000004058997   0   0000000000   A   0   0000000000   A   000000   000000   000000000000000   000000000000000   0000A0000000
 002070   62983739101   18168X1           2   001   240720   00   000000   0   000000000000000   000   000000000000000   000   000000000000000      000000000000945900   000   000000000945900   0   0000000000   A   0   0000000000   A   000000   000000   000000000000000   000000000000000   0000A0000000
 002070   62983739101   53986X1           2   002   240720   00   000000   0   000000000000000   000   000000000000000   000   000000000000000      000000000000238054   000   000000000476107   0   0000000000   A   0   0000000000   A   000000   000000   000000000000000   000000000000000   0000A0000000
 002070   62983739101   40318X1           2   001   240720   00   000000   0   000000000000000   000   000000000000000   000   000000000000000      000000000003936402   000   000000003936402   0   0000000000   A   0   0000000000   A   000000   000000   000000000000000   000000000000000   0000A0000000
 002070   62983739101   53175X1           2   001   240720   00   000000   0   000000000000000   000   000000000000000   000   000000000000000      000000000004058997   000   000000004058997   0   0000000000   A   0   0000000000   A   000000   000000   000000000000000   000000000000000   0000A0000000
 002070   62983739101   53986X1           2   001   240720   00   000000   0   000000000000000   000   000000000000000   000   000000000000000      000000000000238054   000   000000000238054   0   0000000000   A   0   0000000000   A   000000   000000   000000000000000   000000000000000   0000A0000000
 002070   62983739101   40318X1           2   001   250720   00   000000   0   000000000000000   000   000000000000000   000   000000000000000      000000000003936402   000   000000003936402   0   0000000000   A   0   0000000000   A   000000   000000   000000000000000   000000000000000   0000A0000000
 002070   62983739101   53986X1           2   002   250720   00   000000   0   000000000000000   000   000000000000000   000   000000000000000      000000000000238054   000   000000000476107   0   0000000000   A   0   0000000000   A   000000   000000   000000000000000   000000000000000   0000A0000000
 002070   62983739101   DES00069          2   001   250720   00   000000   0   000000000000000   000   000000000000000   000   000000000000000      000000000000452970   000   000000000452970   0   0000000000   A   0   0000000000   A   000000   000000   000000000000000   000000000000000   0000A0000000
 002070   62983739101   DES00056          2   001   250720   00   000000   0   000000000000000   000   000000000000000   000   000000000000000      000000000004095457   000   000000004095457   0   0000000000   A   0   0000000000   A   000000   000000   000000000000000   000000000000000   0000A0000000
 002070   62983739101   DES00056          2   001   250720   00   000000   0   000000000000000   000   000000000000000   000   000000000000000      000000000004095457   000   000000004095457   0   0000000000   A   0   0000000000   A   000000   000000   000000000000000   000000000000000   0000A0000000
 002070   62983739101   40318X1           2   001   250720   00   000000   0   000000000000000   000   000000000000000   000   000000000000000      000000000003936402   000   000000003936402   0   0000000000   A   0   0000000000   A   000000   000000   000000000000000   000000000000000   0000A0000000
 002070   62983739101   53986X1           2   001   250720   00   000000   0   000000000000000   000   000000000000000   000   000000000000000      000000000000238054   000   000000000238054   0   0000000000   A   0   0000000000   A   000000   000000   000000000000000   000000000000000   0000A0000000
 002070   62983739101   32583X1           2   001   250720   00   000000   0   000000000000000   000   000000000000000   000   000000000000000      000000000000747275   000   000000000747275   0   0000000000   A   0   0000000000   A   000000   000000   000000000000000   000000000000000   0000A0000000
 002070   62983739101   41924X1           2   001   250720   00   000000   0   000000000000000   000   000000000000000   000   000000000000000      000000000000616586   000   000000000616586   0   0000000000   A   0   0000000000   A   000000   000000   000000000000000   000000000000000   0000A0000000
 002070   62983739101   32971X1           2   001   250720   00   000000   0   000000000000000   000   000000000000000   000   000000000000000      000000000000683024   000   000000000683024   0   0000000000   A   0   0000000000   A   000000   000000   000000000000000   000000000000000   0000A0000000
 002070   62983739101   52199X1           2   001   250720   00   000000   0   000000000000000   000   000000000000000   000   000000000000000      000000000007903074   000   000000007903074   0   0000000000   A   0   0000000000   A   000000   000000   000000000000000   000000000000000   0000A0000000
 002070   62983739101   41924X1           2   001   250720   00   000000   0   000000000000000   000   000000000000000   000   000000000000000      000000000000616586   000   000000000616586   0   0000000000   A   0   0000000000   A   000000   000000   000000000000000   000000000000000   0000A0000000
 002070   62983739101   32971X1           2   001   250720   00   000000   0   000000000000000   000   000000000000000   000   000000000000000      000000000000683024   000   000000000683024   0   0000000000   A   0   0000000000   A   000000   000000   000000000000000   000000000000000   0000A0000000
 002070   62983739101   29366X1           2   006   250720   00   000000   0   000000000000000   000   000000000000000   000   000000000000000      000000000000528681   000   000000003172084   0   0000000000   A   0   0000000000   A   000000   000000   000000000000000   000000000000000   0000A0000000
 002070   62983739101   58373X1           2   006   250720   00   000000   0   000000000000000   000   000000000000000   000   000000000000000      000000000000389168   000   000000002335009   0   0000000000   A   0   0000000000   A   000000   000000   000000000000000   000000000000000   0000A0000000
 002070   62983739101   22323X1           2   003   250720   00   000000   0   000000000000000   000   000000000000000   000   000000000000000      000000000002098942   000   000000006296827   0   0000000000   A   0   0000000000   A   000000   000000   000000000000000   000000000000000   0000A0000000
 002070   62983739101   53175X1           2   008   250720   00   000000   0   000000000000000   000   000000000000000   000   000000000000000      000000000004058997   000   000000032471978   0   0000000000   A   0   0000000000   A   000000   000000   000000000000000   000000000000000   0000A0000000
 002070   62983739101   26109X1           2   004   250720   00   000000   0   000000000000000   000   000000000000000   000   000000000000000      000000000000585000   000   000000002340000   0   0000000000   A   0   0000000000   A   000000   000000   000000000000000   000000000000000   0000A0000000
 002070   62983739101   58606X1           2   006   250720   00   000000   0   000000000000000   000   000000000000000   000   000000000000000      000000000000487627   000   000000002925763   0   0000000000   A   0   0000000000   A   000000   000000   000000000000000   000000000000000   0000A0000000
 002070   62983739101   56867X1           2   002   250720   00   000000   0   000000000000000   000   000000000000000   000   000000000000000      000000000003573728   000   000000007147456   0   0000000000   A   0   0000000000   A   000000   000000   000000000000000   000000000000000   0000A0000000
 002070   62983739101   40318X1           2   006   250720   00   000000   0   000000000000000   000   000000000000000   000   000000000000000      000000000003936402   000   000000023618412   0   0000000000   A   0   0000000000   A   000000   000000   000000000000000   000000000000000   0000A0000000
 002070   62983739101   32971X1           2   005   250720   00   000000   0   000000000000000   000   000000000000000   000   000000000000000      000000000000683024   000   000000003415118   0   0000000000   A   0   0000000000   A   000000   000000   000000000000000   000000000000000   0000A0000000
 002070   62983739101   41924X1           2   002   250720   00   000000   0   000000000000000   000   000000000000000   000   000000000000000      000000000000616586   000   000000001233173   0   0000000000   A   0   0000000000   A   000000   000000   000000000000000   000000000000000   0000A0000000
 002070   62983739101   26109X1           2   003   250720   00   000000   0   000000000000000   000   000000000000000   000   000000000000000      000000000000585000   000   000000001755000   0   0000000000   A   0   0000000000   A   000000   000000   000000000000000   000000000000000   0000A0000000
 002070   62983739101   DES00026          2   003   250720   00   000000   0   000000000000000   000   000000000000000   000   000000000000000      000000000000047855   000   000000000143564   0   0000000000   A   0   0000000000   A   000000   000000   000000000000000   000000000000000   0000A0000000
 002070   62983739101   53986X1           2   001   250720   00   000000   0   000000000000000   000   000000000000000   000   000000000000000      000000000000238054   000   000000000238054   0   0000000000   A   0   0000000000   A   000000   000000   000000000000000   000000000000000   0000A0000000
 002070   62983739101   53986X1           2   002   260720   00   000000   0   000000000000000   000   000000000000000   000   000000000000000      000000000000238054   000   000000000476107   0   0000000000   A   0   0000000000   A   000000   000000   000000000000000   000000000000000   0000A0000000
 002070   62983739101   DES00017          2   001   260720   00   000000   0   000000000000000   000   000000000000000   000   000000000000000      000000000000382801   000   000000000382801   0   0000000000   A   0   0000000000   A   000000   000000   000000000000000   000000000000000   0000A0000000
 002070   62983739101   DES00054          2   002   260720   00   000000   0   000000000000000   000   000000000000000   000   000000000000000      000000000000381150   000   000000000762300   0   0000000000   A   0   0000000000   A   000000   000000   000000000000000   000000000000000   0000A0000000
 002070   62983739101   53986X1           2   001   260720   00   000000   0   000000000000000   000   000000000000000   000   000000000000000      000000000000238054   000   000000000238054   0   0000000000   A   0   0000000000   A   000000   000000   000000000000000   000000000000000   0000A0000000
 002070   62983739101   53986X1           2   001   260720   00   000000   0   000000000000000   000   000000000000000   000   000000000000000      000000000000238054   000   000000000238054   0   0000000000   A   0   0000000000   A   000000   000000   000000000000000   000000000000000   0000A0000000
 002070   62983739101   58606X1           2   001   270720   00   000000   0   000000000000000   000   000000000000000   000   000000000000000      000000000000487627   000   000000000487627   0   0000000000   A   0   0000000000   A   000000   000000   000000000000000   000000000000000   0000A0000000
 002070   62983739101   53986X1           2   002   270720   00   000000   0   000000000000000   000   000000000000000   000   000000000000000      000000000000238054   000   000000000476107   0   0000000000   A   0   0000000000   A   000000   000000   000000000000000   000000000000000   0000A0000000
 002070   62983739101   DES00248          2   002   270720   00   000000   0   000000000000000   000   000000000000000   000   000000000000000      000000000002472750   000   000000004945500   0   0000000000   A   0   0000000000   A   000000   000000   000000000000000   000000000000000   0000A0000000
 002070   62983739101   58606X1           2   001   270720   00   000000   0   000000000000000   000   000000000000000   000   000000000000000      000000000000487627   000   000000000487627   0   0000000000   A   0   0000000000   A   000000   000000   000000000000000   000000000000000   0000A0000000
 002070   62983739101   29366X1           2   002   270720   00   000000   0   000000000000000   000   000000000000000   000   000000000000000      000000000000528680   000   000000001057361   0   0000000000   A   0   0000000000   A   000000   000000   000000000000000   000000000000000   0000A0000000
 002070   62983739101   58373X1           2   003   270720   00   000000   0   000000000000000   000   000000000000000   000   000000000000000      000000000000389168   000   000000001167504   0   0000000000   A   0   0000000000   A   000000   000000   000000000000000   000000000000000   0000A0000000
 002070   62983739101   22323X1           2   002   270720   00   000000   0   000000000000000   000   000000000000000   000   000000000000000      000000000002098942   000   000000004197884   0   0000000000   A   0   0000000000   A   000000   000000   000000000000000   000000000000000   0000A0000000
 002070   62983739101   40318X1           2   002   270720   00   000000   0   000000000000000   000   000000000000000   000   000000000000000      000000000003936402   000   000000007872804   0   0000000000   A   0   0000000000   A   000000   000000   000000000000000   000000000000000   0000A0000000
 002070   62983739101   58606X1           2   002   270720   00   000000   0   000000000000000   000   000000000000000   000   000000000000000      000000000000487627   000   000000000975254   0   0000000000   A   0   0000000000   A   000000   000000   000000000000000   000000000000000   0000A0000000
 002070   62983739101   53175X1           2   002   270720   00   000000   0   000000000000000   000   000000000000000   000   000000000000000      000000000004058998   000   000000008117995   0   0000000000   A   0   0000000000   A   000000   000000   000000000000000   000000000000000   0000A0000000
 002070   62983739101   26109X1           2   001   270720   00   000000   0   000000000000000   000   000000000000000   000   000000000000000      000000000000585000   000   000000000585000   0   0000000000   A   0   0000000000   A   000000   000000   000000000000000   000000000000000   0000A0000000
 002070   62983739101   53986X1           2   001   270720   00   000000   0   000000000000000   000   000000000000000   000   000000000000000      000000000000238054   000   000000000238054   0   0000000000   A   0   0000000000   A   000000   000000   000000000000000   000000000000000   0000A0000000
 002070   62983739101   DES00017          2   001   270720   00   000000   0   000000000000000   000   000000000000000   000   000000000000000      000000000000382801   000   000000000382801   0   0000000000   A   0   0000000000   A   000000   000000   000000000000000   000000000000000   0000A0000000
 002070   62983739101   DES00018          2   001   270720   00   000000   0   000000000000000   000   000000000000000   000   000000000000000      000000000000382801   000   000000000382801   0   0000000000   A   0   0000000000   A   000000   000000   000000000000000   000000000000000   0000A0000000
 002070   62983739101   DES00054          2   001   270720   00   000000   0   000000000000000   000   000000000000000   000   000000000000000      000000000000381150   000   000000000381150   0   0000000000   A   0   0000000000   A   000000   000000   000000000000000   000000000000000   0000A0000000
 002070   63056736001   53175X1           2   001   300720   00   000000   0   000000000000000   000   000000000000000   000   000000000000000      000000000004058997   000   000000004058997   0   0000000000   A   0   0000000000   A   000000   000000   000000000000000   000000000000000   0000A0000000
 002070   63056736001   29366X1           2   001   300720   00   000000   0   000000000000000   000   000000000000000   000   000000000000000      000000000000528681   000   000000000528681   0   0000000000   A   0   0000000000   A   000000   000000   000000000000000   000000000000000   0000A0000000
 002070   63056736001   58606X1           2   001   300720   00   000000   0   000000000000000   000   000000000000000   000   000000000000000      000000000000487627   000   000000000487627   0   0000000000   A   0   0000000000   A   000000   000000   000000000000000   000000000000000   0000A0000000
 002070   61781726901   DES00017          2   001   300720   00   000000   0   000000000000000   000   000000000000000   000   000000000000000      000000000000382801   000   000000000382801   0   0000000000   A   0   0000000000   A   000000   000000   000000000000000   000000000000000   0000A0000000
 002070   61781726901   DES00045          2   001   300720   00   000000   0   000000000000000   000   000000000000000   000   000000000000000      000000000000168489   000   000000000168489   0   0000000000   A   0   0000000000   A   000000   000000   000000000000000   000000000000000   0000A0000000
 002070   61781726901   DES00054          2   001   300720   00   000000   0   000000000000000   000   000000000000000   000   000000000000000      000000000000381150   000   000000000381150   0   0000000000   A   0   0000000000   A   000000   000000   000000000000000   000000000000000   0000A0000000
 002070   61781726901   DES00247          2   001   300720   00   000000   0   000000000000000   000   000000000000000   000   000000000000000      000000000002472750   000   000000002472750   0   0000000000   A   0   0000000000   A   000000   000000   000000000000000   000000000000000   0000A0000000
 002070   61781726901   53175X1           2   001   300720   00   000000   0   000000000000000   000   000000000000000   000   000000000000000      000000000004058997   000   000000004058997   0   0000000000   A   0   0000000000   A   000000   000000   000000000000000   000000000000000   0000A0000000
 002070   61781726901   DES00026          2   003   300720   00   000000   0   000000000000000   000   000000000000000   000   000000000000000      000000000000047855   000   000000000143564   0   0000000000   A   0   0000000000   A   000000   000000   000000000000000   000000000000000   0000A0000000
 002070   61781726901   58373X1           2   001   310720   00   000000   0   000000000000000   000   000000000000000   000   000000000000000      000000000000389168   000   000000000389168   0   0000000000   A   0   0000000000   A   000000   000000   000000000000000   000000000000000   0000A0000000
 002070   61781726901   29366X1           2   001   310720   00   000000   0   000000000000000   000   000000000000000   000   000000000000000      000000000000528681   000   000000000528681   0   0000000000   A   0   0000000000   A   000000   000000   000000000000000   000000000000000   0000A0000000
 002070   61781726901   53175X1           2   001   310720   00   000000   0   000000000000000   000   000000000000000   000   000000000000000      000000000004058997   000   000000004058997   0   0000000000   A   0   0000000000   A   000000   000000   000000000000000   000000000000000   0000A0000000
 002070   61781726901   53175X1           2   001   310720   00   000000   0   000000000000000   000   000000000000000   000   000000000000000      000000000004058997   000   000000004058997   0   0000000000   A   0   0000000000   A   000000   000000   000000000000000   000000000000000   0000A0000000
 002070   61781726901   29366X1           2   001   310720   00   000000   0   000000000000000   000   000000000000000   000   000000000000000      000000000000528681   000   000000000528681   0   0000000000   A   0   0000000000   A   000000   000000   000000000000000   000000000000000   0000A0000000
 002070   61781726901   58373X1           2   002   310720   00   000000   0   000000000000000   000   000000000000000   000   000000000000000      000000000000389168   000   000000000778336   0   0000000000   A   0   0000000000   A   000000   000000   000000000000000   000000000000000   0000A0000000
 002070   62983739101   170101            2   001   240720   00   000000   0   000000000794314   000   000000000000000   000   000000000000000      000000000000000000   000   000000000794314   0   0000000000   A   0   0000000000   A   000000   000000   000000000000000   000000000000000   0000A0000000
 002070   62983739101   185238            2   001   240720   00   000000   0   000000004461403   000   000000000000000   000   000000000000000      000000000000000000   000   000000004461403   0   0000000000   A   0   0000000000   A   000000   000000   000000000000000   000000000000000   0000A0000000
 002070   62983739101   250181            2   006   240720   00   000000   0   000000000588462   000   000000000000000   000   000000000000000      000000000000000000   000   000000003530772   0   0000000000   A   0   0000000000   A   000000   000000   000000000000000   000000000000000   0000A0000000
 002070   63056736001   340907            2   001   300720   00   000000   0   000000000000000   000   000000000000000   000   000000000000000      000000000003464134   000   000000003464134   0   0000000000   A   0   0000000000   A   000000   000000   000000000000000   000000000000000   0000A0000000
 002070   61781726901   170101            2   001   300720   00   000000   0   000000000794314   000   000000000000000   000   000000000000000      000000000000000000   000   000000000794314   0   0000000000   A   0   0000000000   A   000000   000000   000000000000000   000000000000000   0000A0000000
 002070   61781726901   420303            2   001   300720   00   000000   0   000000000000000   000   000000000000000   000   000000000000000      000000000001402194   000   000000001402194   0   0000000000   A   0   0000000000   A   000000   000000   000000000000000   000000000000000   0000A0000000
 002070   61781726901   250181            2   001   300720   00   000000   0   000000000000000   000   000000000000000   000   000000000000000      000000000000588462   000   000000000588462   0   0000000000   A   0   0000000000   A   000000   000000   000000000000000   000000000000000   0000A0000000
