 002070   61808022701   430171            2   002   310320   00   000000   0   000000000000000   000   000000000000000   000   000000000000000      000000000022133464   000   000000044266928   0   0000000000   A   0   0000000000   A   000000   000000   000000000000000   000000000000000   0000A0000000
 002070   15204082402   430171            2   001   020420   00   000000   0   000000000000000   000   000000000000000   000   000000000000000      000000000022133464   000   000000022133464   0   0000000000   A   0   0000000000   A   000000   000000   000000000000000   000000000000000   0000A0000000
 002070   61580680401   430185            2   001   080420   00   000000   0   000000000000000   000   000000000000000   000   000000000000000      000000000007794966   000   000000007794966   0   0000000000   A   0   0000000000   A   000000   000000   000000000000000   000000000000000   0000A0000000
 002070   62262792001   430171            2   001   090420   00   000000   0   000000000000000   000   000000000000000   000   000000000000000      000000000022133464   000   000000022133464   0   0000000000   A   0   0000000000   A   000000   000000   000000000000000   000000000000000   0000A0000000
 002070   15205487601   430185            2   001   090420   00   000000   0   000000000000000   000   000000000000000   000   000000000000000      000000000007794966   000   000000007794966   0   0000000000   A   0   0000000000   A   000000   000000   000000000000000   000000000000000   0000A0000000
 002070   60648176101   430185            2   001   100420   00   000000   0   000000000000000   000   000000000000000   000   000000000000000      000000000007794966   000   000000007794966   0   0000000000   A   0   0000000000   A   000000   000000   000000000000000   000000000000000   0000A0000000
 002070   61814752603   430171            2   001   160420   00   000000   0   000000000000000   000   000000000000000   000   000000000000000      000000000022133464   000   000000022133464   0   0000000000   A   0   0000000000   A   000000   000000   000000000000000   000000000000000   0000A0000000
 002070   61276774302   430171            2   006   210420   00   000000   0   000000000000000   000   000000000000000   000   000000000000000      000000000022133464   000   000000132800784   0   0000000000   A   0   0000000000   A   000000   000000   000000000000000   000000000000000   0000A0000000
 002070   61757648201   430171            2   002   210420   00   000000   0   000000000000000   000   000000000000000   000   000000000000000      000000000022133464   000   000000044266928   0   0000000000   A   0   0000000000   A   000000   000000   000000000000000   000000000000000   0000A0000000
 002070   15207559801   430185            2   001   230420   00   000000   0   000000000000000   000   000000000000000   000   000000000000000      000000000007794966   000   000000007794966   0   0000000000   A   0   0000000000   A   000000   000000   000000000000000   000000000000000   0000A0000000
 002070   63036327601   430171            2   004   240420   00   000000   0   000000000000000   000   000000000000000   000   000000000000000      000000000022133464   000   000000088533856   0   0000000000   A   0   0000000000   A   000000   000000   000000000000000   000000000000000   0000A0000000
 002070   61808022701   121002            2   001   310320   00   000000   0   000000000000000   000   000000000000000   000   000000000000000      000000000055664856   000   000000055664856   0   0000000000   A   0   0000000000   A   000000   000000   000000000000000   000000000000000   0000A0000000
 002070   15204082402   121726            2   001   020420   00   000000   0   000000000000000   000   000000000000000   000   000000000000000      000000000047101032   000   000000047101032   0   0000000000   A   0   0000000000   A   000000   000000   000000000000000   000000000000000   0000A0000000
 002070   15204082402   121727            2   001   020420   00   000000   0   000000000000000   000   000000000000000   000   000000000000000      000000000031222273   000   000000009366682   0   0000000000   A   0   0000000000   A   000000   000000   000000000000000   000000000000000   0000A0000000
 002070   62262792001   120902            2   001   090420   00   000000   0   000000000000000   000   000000000000000   000   000000000000000      000000000031579101   000   000000031579101   0   0000000000   A   0   0000000000   A   000000   000000   000000000000000   000000000000000   0000A0000000
 002070   61814752603   100709            2   001   160420   00   000000   0   000000000000000   000   000000000000000   000   000000000000000      000000000021052734   000   000000021052734   0   0000000000   A   0   0000000000   A   000000   000000   000000000000000   000000000000000   0000A0000000
 002070   61814752603   431101            2   001   160420   00   000000   0   000000000000000   000   000000000000000   000   000000000000000      000000000001122481   000   000000001122481   0   0000000000   A   0   0000000000   A   000000   000000   000000000000000   000000000000000   0000A0000000
 002070   61276774302   030902            2   001   210420   00   000000   0   000000000000000   000   000000000000000   000   000000000000000      000000000038894034   000   000000038894034   0   0000000000   A   0   0000000000   A   000000   000000   000000000000000   000000000000000   0000A0000000
 002070   61276774302   431101            2   001   210420   00   000000   0   000000000000000   000   000000000000000   000   000000000000000      000000000001122481   000   000000001122481   0   0000000000   A   0   0000000000   A   000000   000000   000000000000000   000000000000000   0000A0000000
 002070   61757648201   040101            2   001   210420   00   000000   0   000000000000000   000   000000000000000   000   000000000000000      000000000065299158   000   000000065299158   0   0000000000   A   0   0000000000   A   000000   000000   000000000000000   000000000000000   0000A0000000
 002070   61757648201   431101            2   001   210420   00   000000   0   000000000000000   000   000000000000000   000   000000000000000      000000000001122481   000   000000001122481   0   0000000000   A   0   0000000000   A   000000   000000   000000000000000   000000000000000   0000A0000000
 002070   61757648201   930442            2   001   210420   00   000000   0   000000000000000   000   000000000000000   000   000000000000000      000000000027826202   000   000000027826202   0   0000000000   A   0   0000000000   A   000000   000000   000000000000000   000000000000000   0000A0000000
 002070   63036327601   100124            2   001   270420   00   000000   0   000000000000000   000   000000000000000   000   000000000000000      000000000043090533   000   000000043090533   0   0000000000   A   0   0000000000   A   000000   000000   000000000000000   000000000000000   0000A0000000
 002070   61808022701   15010X1           2   002   310320   00   000000   0   000000000000000   000   000000000000000   000   000000000000000      000000000001687050   000   000000003374100   0   0000000000   A   0   0000000000   A   000000   000000   000000000000000   000000000000000   0000A0000000
 002070   61808022701   57998X1           2   001   310320   00   000000   0   000000000000000   000   000000000000000   000   000000000000000      000000000000683196   000   000000000683196   0   0000000000   A   0   0000000000   A   000000   000000   000000000000000   000000000000000   0000A0000000
 002070   61808022701   34031X1           2   001   310320   00   000000   0   000000000000000   000   000000000000000   000   000000000000000      000000000001143847   000   000000001143847   0   0000000000   A   0   0000000000   A   000000   000000   000000000000000   000000000000000   0000A0000000
 002070   61808022701   18164X1           2   001   310320   00   000000   0   000000000000000   000   000000000000000   000   000000000000000      000000000001707300   000   000000001707300   0   0000000000   A   0   0000000000   A   000000   000000   000000000000000   000000000000000   0000A0000000
 002070   61808022701   56870X1           2   002   310320   00   000000   0   000000000000000   000   000000000000000   000   000000000000000      000000000003767335   000   000000007534670   0   0000000000   A   0   0000000000   A   000000   000000   000000000000000   000000000000000   0000A0000000
 002070   61808022701   55439X1           2   006   310320   00   000000   0   000000000000000   000   000000000000000   000   000000000000000      000000000003761153   000   000000022566919   0   0000000000   A   0   0000000000   A   000000   000000   000000000000000   000000000000000   0000A0000000
 002070   61808022701   49941X1           2   003   310320   00   000000   0   000000000000000   000   000000000000000   000   000000000000000      000000000001984703   000   000000005954110   0   0000000000   A   0   0000000000   A   000000   000000   000000000000000   000000000000000   0000A0000000
 002070   61808022701   57916X1           2   001   310320   00   000000   0   000000000000000   000   000000000000000   000   000000000000000      000000000003565260   000   000000003565260   0   0000000000   A   0   0000000000   A   000000   000000   000000000000000   000000000000000   0000A0000000
 002070   61808022701   60196X1           2   001   310320   00   000000   0   000000000000000   000   000000000000000   000   000000000000000      000000000001740058   000   000000001740058   0   0000000000   A   0   0000000000   A   000000   000000   000000000000000   000000000000000   0000A0000000
 002070   61808022701   31837X1           2   001   310320   00   000000   0   000000000000000   000   000000000000000   000   000000000000000      000000000001245714   000   000000001245714   0   0000000000   A   0   0000000000   A   000000   000000   000000000000000   000000000000000   0000A0000000
 002070   61808022701   45332X1           2   002   310320   00   000000   0   000000000000000   000   000000000000000   000   000000000000000      000000000001638848   000   000000003277696   0   0000000000   A   0   0000000000   A   000000   000000   000000000000000   000000000000000   0000A0000000
 002070   61808022701   58606X1           2   001   310320   00   000000   0   000000000000000   000   000000000000000   000   000000000000000      000000000000460026   000   000000000460026   0   0000000000   A   0   0000000000   A   000000   000000   000000000000000   000000000000000   0000A0000000
 002070   61808022701   DES00007          2   001   310320   00   000000   0   000000000000000   000   000000000000000   000   000000000000000      000000000010799428   000   000000010799428   0   0000000000   A   0   0000000000   A   000000   000000   000000000000000   000000000000000   0000A0000000
 002070   61808022701   DES00026          2   005   310320   00   000000   0   000000000000000   000   000000000000000   000   000000000000000      000000000000047855   000   000000000239274   0   0000000000   A   0   0000000000   A   000000   000000   000000000000000   000000000000000   0000A0000000
 002070   61808022701   DES00052          2   001   310320   00   000000   0   000000000000000   000   000000000000000   000   000000000000000      000000000003420873   000   000000003420873   0   0000000000   A   0   0000000000   A   000000   000000   000000000000000   000000000000000   0000A0000000
 002070   15204082402   55439X1           2   004   020420   00   000000   0   000000000000000   000   000000000000000   000   000000000000000      000000000003761153   000   000000015044612   0   0000000000   A   0   0000000000   A   000000   000000   000000000000000   000000000000000   0000A0000000
 002070   15204082402   DES00139          2   001   020420   00   000000   0   000000000000000   000   000000000000000   000   000000000000000      000000000005040000   000   000000005040000   0   0000000000   A   0   0000000000   A   000000   000000   000000000000000   000000000000000   0000A0000000
 002070   15204082402   18163X1           2   001   020420   00   000000   0   000000000000000   000   000000000000000   000   000000000000000      000000000001444050   000   000000001444050   0   0000000000   A   0   0000000000   A   000000   000000   000000000000000   000000000000000   0000A0000000
 002070   15204082402   15010X1           2   001   020420   00   000000   0   000000000000000   000   000000000000000   000   000000000000000      000000000001687050   000   000000001687050   0   0000000000   A   0   0000000000   A   000000   000000   000000000000000   000000000000000   0000A0000000
 002070   15204082402   57916X1           2   001   020420   00   000000   0   000000000000000   000   000000000000000   000   000000000000000      000000000003565260   000   000000003565260   0   0000000000   A   0   0000000000   A   000000   000000   000000000000000   000000000000000   0000A0000000
 002070   15204082402   32583X1           2   001   020420   00   000000   0   000000000000000   000   000000000000000   000   000000000000000      000000000000747275   000   000000000747275   0   0000000000   A   0   0000000000   A   000000   000000   000000000000000   000000000000000   0000A0000000
 002070   15204082402   24577X1           2   001   020420   00   000000   0   000000000000000   000   000000000000000   000   000000000000000      000000000000432824   000   000000000432824   0   0000000000   A   0   0000000000   A   000000   000000   000000000000000   000000000000000   0000A0000000
 002070   15204082402   60196X1           2   001   020420   00   000000   0   000000000000000   000   000000000000000   000   000000000000000      000000000001740058   000   000000001740058   0   0000000000   A   0   0000000000   A   000000   000000   000000000000000   000000000000000   0000A0000000
 002070   15204082402   31837X1           2   001   020420   00   000000   0   000000000000000   000   000000000000000   000   000000000000000      000000000001245714   000   000000001245714   0   0000000000   A   0   0000000000   A   000000   000000   000000000000000   000000000000000   0000A0000000
 002070   15204082402   45332X1           2   002   020420   00   000000   0   000000000000000   000   000000000000000   000   000000000000000      000000000001638848   000   000000003277696   0   0000000000   A   0   0000000000   A   000000   000000   000000000000000   000000000000000   0000A0000000
 002070   15204082402   34031X1           2   001   020420   00   000000   0   000000000000000   000   000000000000000   000   000000000000000      000000000001143847   000   000000001143847   0   0000000000   A   0   0000000000   A   000000   000000   000000000000000   000000000000000   0000A0000000
 002070   15204082402   58606X1           2   002   020420   00   000000   0   000000000000000   000   000000000000000   000   000000000000000      000000000000460026   000   000000000920052   0   0000000000   A   0   0000000000   A   000000   000000   000000000000000   000000000000000   0000A0000000
 002070   15204082402   DES00007          2   001   020420   00   000000   0   000000000000000   000   000000000000000   000   000000000000000      000000000010799428   000   000000010799428   0   0000000000   A   0   0000000000   A   000000   000000   000000000000000   000000000000000   0000A0000000
 002070   15204082402   DES00052          2   001   020420   00   000000   0   000000000000000   000   000000000000000   000   000000000000000      000000000003420873   000   000000003420873   0   0000000000   A   0   0000000000   A   000000   000000   000000000000000   000000000000000   0000A0000000
 002070   62262792001   56870X1           2   002   090420   00   000000   0   000000000000000   000   000000000000000   000   000000000000000      000000000003767335   000   000000007534670   0   0000000000   A   0   0000000000   A   000000   000000   000000000000000   000000000000000   0000A0000000
 002070   62262792001   56850X1           2   002   090420   00   000000   0   000000000000000   000   000000000000000   000   000000000000000      000000000002508998   000   000000005017995   0   0000000000   A   0   0000000000   A   000000   000000   000000000000000   000000000000000   0000A0000000
 002070   62262792001   55439X1           2   002   090420   00   000000   0   000000000000000   000   000000000000000   000   000000000000000      000000000003761153   000   000000007522306   0   0000000000   A   0   0000000000   A   000000   000000   000000000000000   000000000000000   0000A0000000
 002070   62262792001   15670X1           2   001   090420   00   000000   0   000000000000000   000   000000000000000   000   000000000000000      000000000002372613   000   000000002372613   0   0000000000   A   0   0000000000   A   000000   000000   000000000000000   000000000000000   0000A0000000
 002070   62262792001   57916X1           2   001   090420   00   000000   0   000000000000000   000   000000000000000   000   000000000000000      000000000003565260   000   000000003565260   0   0000000000   A   0   0000000000   A   000000   000000   000000000000000   000000000000000   0000A0000000
 002070   62262792001   24577X1           2   001   090420   00   000000   0   000000000000000   000   000000000000000   000   000000000000000      000000000000432824   000   000000000432824   0   0000000000   A   0   0000000000   A   000000   000000   000000000000000   000000000000000   0000A0000000
 002070   62262792001   60196X1           2   001   090420   00   000000   0   000000000000000   000   000000000000000   000   000000000000000      000000000001740058   000   000000001740058   0   0000000000   A   0   0000000000   A   000000   000000   000000000000000   000000000000000   0000A0000000
 002070   62262792001   31837X1           2   001   090420   00   000000   0   000000000000000   000   000000000000000   000   000000000000000      000000000001245714   000   000000001245714   0   0000000000   A   0   0000000000   A   000000   000000   000000000000000   000000000000000   0000A0000000
 002070   62262792001   45332X1           2   001   090420   00   000000   0   000000000000000   000   000000000000000   000   000000000000000      000000000001638848   000   000000001638848   0   0000000000   A   0   0000000000   A   000000   000000   000000000000000   000000000000000   0000A0000000
 002070   62262792001   34031X1           2   001   090420   00   000000   0   000000000000000   000   000000000000000   000   000000000000000      000000000001143847   000   000000001143847   0   0000000000   A   0   0000000000   A   000000   000000   000000000000000   000000000000000   0000A0000000
 002070   62262792001   58606X1           2   002   090420   00   000000   0   000000000000000   000   000000000000000   000   000000000000000      000000000000460026   000   000000000920052   0   0000000000   A   0   0000000000   A   000000   000000   000000000000000   000000000000000   0000A0000000
 002070   62262792001   58373X1           2   001   090420   00   000000   0   000000000000000   000   000000000000000   000   000000000000000      000000000000367140   000   000000000367140   0   0000000000   A   0   0000000000   A   000000   000000   000000000000000   000000000000000   0000A0000000
 002070   62262792001   DES00026          2   005   090420   00   000000   0   000000000000000   000   000000000000000   000   000000000000000      000000000000047855   000   000000000239274   0   0000000000   A   0   0000000000   A   000000   000000   000000000000000   000000000000000   0000A0000000
 002070   62262792001   DES00247          2   001   090420   00   000000   0   000000000000000   000   000000000000000   000   000000000000000      000000000002472750   000   000000002472750   0   0000000000   A   0   0000000000   A   000000   000000   000000000000000   000000000000000   0000A0000000
 002070   62262792001   DES00052          2   001   090420   00   000000   0   000000000000000   000   000000000000000   000   000000000000000      000000000003420873   000   000000003420873   0   0000000000   A   0   0000000000   A   000000   000000   000000000000000   000000000000000   0000A0000000
 002070   61814752603   15010X1           2   001   160420   00   000000   0   000000000000000   000   000000000000000   000   000000000000000      000000000001687050   000   000000001687050   0   0000000000   A   0   0000000000   A   000000   000000   000000000000000   000000000000000   0000A0000000
 002070   61814752603   18163X1           2   001   160420   00   000000   0   000000000000000   000   000000000000000   000   000000000000000      000000000001444050   000   000000001444050   0   0000000000   A   0   0000000000   A   000000   000000   000000000000000   000000000000000   0000A0000000
 002070   61814752603   58689X1           2   001   160420   00   000000   0   000000000000000   000   000000000000000   000   000000000000000      000000000003643706   000   000000003643706   0   0000000000   A   0   0000000000   A   000000   000000   000000000000000   000000000000000   0000A0000000
 002070   61814752603   55439X1           2   003   160420   00   000000   0   000000000000000   000   000000000000000   000   000000000000000      000000000003761153   000   000000011283459   0   0000000000   A   0   0000000000   A   000000   000000   000000000000000   000000000000000   0000A0000000
 002070   61814752603   60196X1           2   001   160420   00   000000   0   000000000000000   000   000000000000000   000   000000000000000      000000000001740058   000   000000001740058   0   0000000000   A   0   0000000000   A   000000   000000   000000000000000   000000000000000   0000A0000000
 002070   61814752603   31837X1           2   001   160420   00   000000   0   000000000000000   000   000000000000000   000   000000000000000      000000000001245714   000   000000001245714   0   0000000000   A   0   0000000000   A   000000   000000   000000000000000   000000000000000   0000A0000000
 002070   61814752603   45332X1           2   002   160420   00   000000   0   000000000000000   000   000000000000000   000   000000000000000      000000000001638848   000   000000003277696   0   0000000000   A   0   0000000000   A   000000   000000   000000000000000   000000000000000   0000A0000000
 002070   61814752603   34031X1           2   001   160420   00   000000   0   000000000000000   000   000000000000000   000   000000000000000      000000000001143847   000   000000001143847   0   0000000000   A   0   0000000000   A   000000   000000   000000000000000   000000000000000   0000A0000000
 002070   61814752603   58606X1           2   002   160420   00   000000   0   000000000000000   000   000000000000000   000   000000000000000      000000000000460026   000   000000000920052   0   0000000000   A   0   0000000000   A   000000   000000   000000000000000   000000000000000   0000A0000000
 002070   61814752603   DES00026          2   005   160420   00   000000   0   000000000000000   000   000000000000000   000   000000000000000      000000000000047855   000   000000000239274   0   0000000000   A   0   0000000000   A   000000   000000   000000000000000   000000000000000   0000A0000000
 002070   61814752603   DES00247          2   001   160420   00   000000   0   000000000000000   000   000000000000000   000   000000000000000      000000000002472750   000   000000002472750   0   0000000000   A   0   0000000000   A   000000   000000   000000000000000   000000000000000   0000A0000000
 002070   61814752603   DES00052          2   001   160420   00   000000   0   000000000000000   000   000000000000000   000   000000000000000      000000000003420873   000   000000003420873   0   0000000000   A   0   0000000000   A   000000   000000   000000000000000   000000000000000   0000A0000000
 002070   61276774302   DES00169          2   001   210420   00   000000   0   000000000000000   000   000000000000000   000   000000000000000      000000000001915268   000   000000001915268   0   0000000000   A   0   0000000000   A   000000   000000   000000000000000   000000000000000   0000A0000000
 002070   61276774302   20172X1           2   001   210420   00   000000   0   000000000000000   000   000000000000000   000   000000000000000      000000000003354894   000   000000003354894   0   0000000000   A   0   0000000000   A   000000   000000   000000000000000   000000000000000   0000A0000000
 002070   61276774302   18164X1           2   001   210420   00   000000   0   000000000000000   000   000000000000000   000   000000000000000      000000000001707300   000   000000001707300   0   0000000000   A   0   0000000000   A   000000   000000   000000000000000   000000000000000   0000A0000000
 002070   61276774302   52001X1           2   001   210420   00   000000   0   000000000000000   000   000000000000000   000   000000000000000      000000000003292363   000   000000003292363   0   0000000000   A   0   0000000000   A   000000   000000   000000000000000   000000000000000   0000A0000000
 002070   61276774302   14916X1           2   030   210420   00   000000   0   000000000000000   000   000000000000000   000   000000000000000      000000000000174440   000   000000005233194   0   0000000000   A   0   0000000000   A   000000   000000   000000000000000   000000000000000   0000A0000000
 002070   61276774302   55439X1           2   003   210420   00   000000   0   000000000000000   000   000000000000000   000   000000000000000      000000000003761153   000   000000011283459   0   0000000000   A   0   0000000000   A   000000   000000   000000000000000   000000000000000   0000A0000000
 002070   61276774302   58689X1           2   001   210420   00   000000   0   000000000000000   000   000000000000000   000   000000000000000      000000000003643706   000   000000003643706   0   0000000000   A   0   0000000000   A   000000   000000   000000000000000   000000000000000   0000A0000000
 002070   61276774302   45332X1           2   001   210420   00   000000   0   000000000000000   000   000000000000000   000   000000000000000      000000000001638848   000   000000001638848   0   0000000000   A   0   0000000000   A   000000   000000   000000000000000   000000000000000   0000A0000000
 002070   61276774302   34031X1           2   001   210420   00   000000   0   000000000000000   000   000000000000000   000   000000000000000      000000000001143847   000   000000001143847   0   0000000000   A   0   0000000000   A   000000   000000   000000000000000   000000000000000   0000A0000000
 002070   61276774302   33647X1           2   002   210420   00   000000   0   000000000000000   000   000000000000000   000   000000000000000      000000000000310518   000   000000000621036   0   0000000000   A   0   0000000000   A   000000   000000   000000000000000   000000000000000   0000A0000000
 002070   61276774302   58373X1           2   001   210420   00   000000   0   000000000000000   000   000000000000000   000   000000000000000      000000000000367140   000   000000000367140   0   0000000000   A   0   0000000000   A   000000   000000   000000000000000   000000000000000   0000A0000000
 002070   61276774302   24104X1           2   001   210420   00   000000   0   000000000000000   000   000000000000000   000   000000000000000      000000000003326040   000   000000003326040   0   0000000000   A   0   0000000000   A   000000   000000   000000000000000   000000000000000   0000A0000000
 002070   61276774302   49924X1           2   002   210420   00   000000   0   000000000000000   000   000000000000000   000   000000000000000      000000000001412418   000   000000002824837   0   0000000000   A   0   0000000000   A   000000   000000   000000000000000   000000000000000   0000A0000000
 002070   61276774302   DES00247          2   001   210420   00   000000   0   000000000000000   000   000000000000000   000   000000000000000      000000000002472750   000   000000002472750   0   0000000000   A   0   0000000000   A   000000   000000   000000000000000   000000000000000   0000A0000000
 002070   61276774302   DES00052          2   001   210420   00   000000   0   000000000000000   000   000000000000000   000   000000000000000      000000000003420873   000   000000003420873   0   0000000000   A   0   0000000000   A   000000   000000   000000000000000   000000000000000   0000A0000000
 002070   61757648201   55439X1           2   004   210420   00   000000   0   000000000000000   000   000000000000000   000   000000000000000      000000000003761153   000   000000015044612   0   0000000000   A   0   0000000000   A   000000   000000   000000000000000   000000000000000   0000A0000000
 002070   61757648201   20172X1           2   001   210420   00   000000   0   000000000000000   000   000000000000000   000   000000000000000      000000000003354894   000   000000003354894   0   0000000000   A   0   0000000000   A   000000   000000   000000000000000   000000000000000   0000A0000000
 002070   61757648201   52001X1           2   001   210420   00   000000   0   000000000000000   000   000000000000000   000   000000000000000      000000000003292363   000   000000003292363   0   0000000000   A   0   0000000000   A   000000   000000   000000000000000   000000000000000   0000A0000000
 002070   61757648201   14916X1           2   030   210420   00   000000   0   000000000000000   000   000000000000000   000   000000000000000      000000000000174440   000   000000005233194   0   0000000000   A   0   0000000000   A   000000   000000   000000000000000   000000000000000   0000A0000000
 002070   61757648201   DES00087          2   001   210420   00   000000   0   000000000000000   000   000000000000000   000   000000000000000      000000000005335980   000   000000005335980   0   0000000000   A   0   0000000000   A   000000   000000   000000000000000   000000000000000   0000A0000000
 002070   61757648201   DES00168          2   001   210420   00   000000   0   000000000000000   000   000000000000000   000   000000000000000      000000000001915268   000   000000001915268   0   0000000000   A   0   0000000000   A   000000   000000   000000000000000   000000000000000   0000A0000000
 002070   61757648201   58689X1           2   001   210420   00   000000   0   000000000000000   000   000000000000000   000   000000000000000      000000000003643706   000   000000003643706   0   0000000000   A   0   0000000000   A   000000   000000   000000000000000   000000000000000   0000A0000000
 002070   61757648201   45332X1           2   001   210420   00   000000   0   000000000000000   000   000000000000000   000   000000000000000      000000000001638848   000   000000001638848   0   0000000000   A   0   0000000000   A   000000   000000   000000000000000   000000000000000   0000A0000000
 002070   61757648201   34031X1           2   001   210420   00   000000   0   000000000000000   000   000000000000000   000   000000000000000      000000000001143847   000   000000001143847   0   0000000000   A   0   0000000000   A   000000   000000   000000000000000   000000000000000   0000A0000000
 002070   61757648201   58606X1           2   002   210420   00   000000   0   000000000000000   000   000000000000000   000   000000000000000      000000000000460026   000   000000000920052   0   0000000000   A   0   0000000000   A   000000   000000   000000000000000   000000000000000   0000A0000000
 002070   61757648201   58373X1           2   001   210420   00   000000   0   000000000000000   000   000000000000000   000   000000000000000      000000000000367140   000   000000000367140   0   0000000000   A   0   0000000000   A   000000   000000   000000000000000   000000000000000   0000A0000000
 002070   61757648201   DES00026          2   005   210420   00   000000   0   000000000000000   000   000000000000000   000   000000000000000      000000000000047855   000   000000000239274   0   0000000000   A   0   0000000000   A   000000   000000   000000000000000   000000000000000   0000A0000000
 002070   61757648201   DES00247          2   001   210420   00   000000   0   000000000000000   000   000000000000000   000   000000000000000      000000000002472750   000   000000002472750   0   0000000000   A   0   0000000000   A   000000   000000   000000000000000   000000000000000   0000A0000000
 002070   61757648201   DES00052          2   001   210420   00   000000   0   000000000000000   000   000000000000000   000   000000000000000      000000000003420873   000   000000003420873   0   0000000000   A   0   0000000000   A   000000   000000   000000000000000   000000000000000   0000A0000000
 002070   63036327601   55439X1           2   002   270420   00   000000   0   000000000000000   000   000000000000000   000   000000000000000      000000000003761153   000   000000007522306   0   0000000000   A   0   0000000000   A   000000   000000   000000000000000   000000000000000   0000A0000000
 002070   63036327601   18168X1           2   001   270420   00   000000   0   000000000000000   000   000000000000000   000   000000000000000      000000000000873000   000   000000000873000   0   0000000000   A   0   0000000000   A   000000   000000   000000000000000   000000000000000   0000A0000000
 002070   63036327601   55443X1           2   001   270420   00   000000   0   000000000000000   000   000000000000000   000   000000000000000      000000000004812854   000   000000004812854   0   0000000000   A   0   0000000000   A   000000   000000   000000000000000   000000000000000   0000A0000000
 002070   63036327601   56870X1           2   001   270420   00   000000   0   000000000000000   000   000000000000000   000   000000000000000      000000000003767335   000   000000003767335   0   0000000000   A   0   0000000000   A   000000   000000   000000000000000   000000000000000   0000A0000000
 002070   63036327601   57916X1           2   001   270420   00   000000   0   000000000000000   000   000000000000000   000   000000000000000      000000000003565260   000   000000003565260   0   0000000000   A   0   0000000000   A   000000   000000   000000000000000   000000000000000   0000A0000000
 002070   63036327601   32583X1           2   001   270420   00   000000   0   000000000000000   000   000000000000000   000   000000000000000      000000000000747275   000   000000000747275   0   0000000000   A   0   0000000000   A   000000   000000   000000000000000   000000000000000   0000A0000000
 002070   63036327601   60196X1           2   001   270420   00   000000   0   000000000000000   000   000000000000000   000   000000000000000      000000000001740058   000   000000001740058   0   0000000000   A   0   0000000000   A   000000   000000   000000000000000   000000000000000   0000A0000000
 002070   63036327601   31837X1           2   001   270420   00   000000   0   000000000000000   000   000000000000000   000   000000000000000      000000000001245714   000   000000001245714   0   0000000000   A   0   0000000000   A   000000   000000   000000000000000   000000000000000   0000A0000000
 002070   63036327601   58373X1           2   001   270420   00   000000   0   000000000000000   000   000000000000000   000   000000000000000      000000000000367140   000   000000000367140   0   0000000000   A   0   0000000000   A   000000   000000   000000000000000   000000000000000   0000A0000000
 002070   63036327601   DES00026          2   005   270420   00   000000   0   000000000000000   000   000000000000000   000   000000000000000      000000000000047855   000   000000000239274   0   0000000000   A   0   0000000000   A   000000   000000   000000000000000   000000000000000   0000A0000000
 002070   61808022701   55439X1           2   002   310320   00   000000   0   000000000000000   000   000000000000000   000   000000000000000      000000000003761153   000   000000007522306   0   0000000000   A   0   0000000000   A   000000   000000   000000000000000   000000000000000   0000A0000000
 002070   61808022701   DES00055          2   001   310320   00   000000   0   000000000000000   000   000000000000000   000   000000000000000      000000000001184071   000   000000001184071   0   0000000000   A   0   0000000000   A   000000   000000   000000000000000   000000000000000   0000A0000000
 002070   61808022701   55442X1           2   001   310320   00   000000   0   000000000000000   000   000000000000000   000   000000000000000      000000000004438349   000   000000004438349   0   0000000000   A   0   0000000000   A   000000   000000   000000000000000   000000000000000   0000A0000000
 002070   61808022701   40297X1           2   002   310320   00   000000   0   000000000000000   000   000000000000000   000   000000000000000      000000000000521785   000   000000001043570   0   0000000000   A   0   0000000000   A   000000   000000   000000000000000   000000000000000   0000A0000000
 002070   61808022701   DES00040          2   001   310320   00   000000   0   000000000000000   000   000000000000000   000   000000000000000      000000000000381150   000   000000000381150   0   0000000000   A   0   0000000000   A   000000   000000   000000000000000   000000000000000   0000A0000000
 002070   61808022701   DES00045          2   001   310320   00   000000   0   000000000000000   000   000000000000000   000   000000000000000      000000000000168489   000   000000000168489   0   0000000000   A   0   0000000000   A   000000   000000   000000000000000   000000000000000   0000A0000000
 002070   61808022701   29366X1           2   002   310320   00   000000   0   000000000000000   000   000000000000000   000   000000000000000      000000000000498756   000   000000000997511   0   0000000000   A   0   0000000000   A   000000   000000   000000000000000   000000000000000   0000A0000000
 002070   61808022701   58373X1           2   003   310320   00   000000   0   000000000000000   000   000000000000000   000   000000000000000      000000000000367140   000   000000001101419   0   0000000000   A   0   0000000000   A   000000   000000   000000000000000   000000000000000   0000A0000000
 002070   61808022701   45332X1           2   003   310320   00   000000   0   000000000000000   000   000000000000000   000   000000000000000      000000000001638848   000   000000004916543   0   0000000000   A   0   0000000000   A   000000   000000   000000000000000   000000000000000   0000A0000000
 002070   61808022701   13530X1           2   001   310320   00   000000   0   000000000000000   000   000000000000000   000   000000000000000      000000000005140454   000   000000005140454   0   0000000000   A   0   0000000000   A   000000   000000   000000000000000   000000000000000   0000A0000000
 002070   61808022701   20095X1           2   003   310320   00   000000   0   000000000000000   000   000000000000000   000   000000000000000      000000000000023855   000   000000000071564   0   0000000000   A   0   0000000000   A   000000   000000   000000000000000   000000000000000   0000A0000000
 002070   61808022701   34031X1           2   001   310320   00   000000   0   000000000000000   000   000000000000000   000   000000000000000      000000000001143847   000   000000001143847   0   0000000000   A   0   0000000000   A   000000   000000   000000000000000   000000000000000   0000A0000000
 002070   61808022701   55439X1           2   002   010420   00   000000   0   000000000000000   000   000000000000000   000   000000000000000      000000000003761153   000   000000007522306   0   0000000000   A   0   0000000000   A   000000   000000   000000000000000   000000000000000   0000A0000000
 002070   61808022701   55442X1           2   001   010420   00   000000   0   000000000000000   000   000000000000000   000   000000000000000      000000000004438349   000   000000004438349   0   0000000000   A   0   0000000000   A   000000   000000   000000000000000   000000000000000   0000A0000000
 002070   61808022701   40297X1           2   002   010420   00   000000   0   000000000000000   000   000000000000000   000   000000000000000      000000000000521785   000   000000001043570   0   0000000000   A   0   0000000000   A   000000   000000   000000000000000   000000000000000   0000A0000000
 002070   61808022701   29366X1           2   002   010420   00   000000   0   000000000000000   000   000000000000000   000   000000000000000      000000000000498756   000   000000000997511   0   0000000000   A   0   0000000000   A   000000   000000   000000000000000   000000000000000   0000A0000000
 002070   61808022701   58373X1           2   002   010420   00   000000   0   000000000000000   000   000000000000000   000   000000000000000      000000000000367140   000   000000000734279   0   0000000000   A   0   0000000000   A   000000   000000   000000000000000   000000000000000   0000A0000000
 002070   61808022701   45332X1           2   001   010420   00   000000   0   000000000000000   000   000000000000000   000   000000000000000      000000000001638848   000   000000001638848   0   0000000000   A   0   0000000000   A   000000   000000   000000000000000   000000000000000   0000A0000000
 002070   61808022701   13530X1           2   001   010420   00   000000   0   000000000000000   000   000000000000000   000   000000000000000      000000000005140454   000   000000005140454   0   0000000000   A   0   0000000000   A   000000   000000   000000000000000   000000000000000   0000A0000000
 002070   61808022701   20095X1           2   003   010420   00   000000   0   000000000000000   000   000000000000000   000   000000000000000      000000000000023855   000   000000000071564   0   0000000000   A   0   0000000000   A   000000   000000   000000000000000   000000000000000   0000A0000000
 002070   61808022701   34031X1           2   001   010420   00   000000   0   000000000000000   000   000000000000000   000   000000000000000      000000000001143847   000   000000001143847   0   0000000000   A   0   0000000000   A   000000   000000   000000000000000   000000000000000   0000A0000000
 002070   61808022701   49924X1           2   001   010420   00   000000   0   000000000000000   000   000000000000000   000   000000000000000      000000000001412419   000   000000001412419   0   0000000000   A   0   0000000000   A   000000   000000   000000000000000   000000000000000   0000A0000000
 002070   61808022701   55439X1           2   004   020420   00   000000   0   000000000000000   000   000000000000000   000   000000000000000      000000000003761153   000   000000015044612   0   0000000000   A   0   0000000000   A   000000   000000   000000000000000   000000000000000   0000A0000000
 002070   61808022701   58373X1           2   001   020420   00   000000   0   000000000000000   000   000000000000000   000   000000000000000      000000000000367140   000   000000000367140   0   0000000000   A   0   0000000000   A   000000   000000   000000000000000   000000000000000   0000A0000000
 002070   61808022701   45332X1           2   006   020420   00   000000   0   000000000000000   000   000000000000000   000   000000000000000      000000000001638848   000   000000009833087   0   0000000000   A   0   0000000000   A   000000   000000   000000000000000   000000000000000   0000A0000000
 002070   61808022701   20095X1           2   006   020420   00   000000   0   000000000000000   000   000000000000000   000   000000000000000      000000000000023854   000   000000000143127   0   0000000000   A   0   0000000000   A   000000   000000   000000000000000   000000000000000   0000A0000000
 002070   61808022701   55439X1           2   002   020420   00   000000   0   000000000000000   000   000000000000000   000   000000000000000      000000000003761153   000   000000007522306   0   0000000000   A   0   0000000000   A   000000   000000   000000000000000   000000000000000   0000A0000000
 002070   61808022701   40297X1           2   002   020420   00   000000   0   000000000000000   000   000000000000000   000   000000000000000      000000000000521785   000   000000001043570   0   0000000000   A   0   0000000000   A   000000   000000   000000000000000   000000000000000   0000A0000000
 002070   15204082402   55439X1           2   004   020420   00   000000   0   000000000000000   000   000000000000000   000   000000000000000      000000000003761153   000   000000015044612   0   0000000000   A   0   0000000000   A   000000   000000   000000000000000   000000000000000   0000A0000000
 002070   15204082402   DES00247          2   001   020420   00   000000   0   000000000000000   000   000000000000000   000   000000000000000      000000000002472750   000   000000002472750   0   0000000000   A   0   0000000000   A   000000   000000   000000000000000   000000000000000   0000A0000000
 002070   15204082402   55442X1           2   001   020420   00   000000   0   000000000000000   000   000000000000000   000   000000000000000      000000000004438349   000   000000004438349   0   0000000000   A   0   0000000000   A   000000   000000   000000000000000   000000000000000   0000A0000000
 002070   15204082402   40297X1           2   002   020420   00   000000   0   000000000000000   000   000000000000000   000   000000000000000      000000000000521785   000   000000001043570   0   0000000000   A   0   0000000000   A   000000   000000   000000000000000   000000000000000   0000A0000000
 002070   15204082402   DES00247          2   001   020420   00   000000   0   000000000000000   000   000000000000000   000   000000000000000      000000000002472750   000   000000002472750   0   0000000000   A   0   0000000000   A   000000   000000   000000000000000   000000000000000   0000A0000000
 002070   15204082402   DES00045          2   001   020420   00   000000   0   000000000000000   000   000000000000000   000   000000000000000      000000000000168489   000   000000000168489   0   0000000000   A   0   0000000000   A   000000   000000   000000000000000   000000000000000   0000A0000000
 002070   15204082402   DES00055          2   001   020420   00   000000   0   000000000000000   000   000000000000000   000   000000000000000      000000000001184071   000   000000001184071   0   0000000000   A   0   0000000000   A   000000   000000   000000000000000   000000000000000   0000A0000000
 002070   15204082402   29366X1           2   003   020420   00   000000   0   000000000000000   000   000000000000000   000   000000000000000      000000000000498756   000   000000001496267   0   0000000000   A   0   0000000000   A   000000   000000   000000000000000   000000000000000   0000A0000000
 002070   15204082402   13530X1           2   001   020420   00   000000   0   000000000000000   000   000000000000000   000   000000000000000      000000000005140454   000   000000005140454   0   0000000000   A   0   0000000000   A   000000   000000   000000000000000   000000000000000   0000A0000000
 002070   15204082402   58373X1           2   003   020420   00   000000   0   000000000000000   000   000000000000000   000   000000000000000      000000000000367140   000   000000001101419   0   0000000000   A   0   0000000000   A   000000   000000   000000000000000   000000000000000   0000A0000000
 002070   15204082402   20095X1           2   003   020420   00   000000   0   000000000000000   000   000000000000000   000   000000000000000      000000000000023855   000   000000000071564   0   0000000000   A   0   0000000000   A   000000   000000   000000000000000   000000000000000   0000A0000000
 002070   15204082402   34031X1           2   001   020420   00   000000   0   000000000000000   000   000000000000000   000   000000000000000      000000000001143847   000   000000001143847   0   0000000000   A   0   0000000000   A   000000   000000   000000000000000   000000000000000   0000A0000000
 002070   15204082402   45332X1           2   002   020420   00   000000   0   000000000000000   000   000000000000000   000   000000000000000      000000000001638848   000   000000003277696   0   0000000000   A   0   0000000000   A   000000   000000   000000000000000   000000000000000   0000A0000000
 002070   15204082402   DES00055          2   001   020420   00   000000   0   000000000000000   000   000000000000000   000   000000000000000      000000000001184071   000   000000001184071   0   0000000000   A   0   0000000000   A   000000   000000   000000000000000   000000000000000   0000A0000000
 002070   61808022701   55439X1           2   001   020420   00   000000   0   000000000000000   000   000000000000000   000   000000000000000      000000000003761153   000   000000003761153   0   0000000000   A   0   0000000000   A   000000   000000   000000000000000   000000000000000   0000A0000000
 002070   15204082402   DES00040          2   001   040420   00   000000   0   000000000000000   000   000000000000000   000   000000000000000      000000000000381150   000   000000000381150   0   0000000000   A   0   0000000000   A   000000   000000   000000000000000   000000000000000   0000A0000000
 002070   15204082402   DES00054          2   001   040420   00   000000   0   000000000000000   000   000000000000000   000   000000000000000      000000000000381150   000   000000000381150   0   0000000000   A   0   0000000000   A   000000   000000   000000000000000   000000000000000   0000A0000000
 002070   62262792001   55439X1           2   001   090420   00   000000   0   000000000000000   000   000000000000000   000   000000000000000      000000000003761153   000   000000003761153   0   0000000000   A   0   0000000000   A   000000   000000   000000000000000   000000000000000   0000A0000000
 002070   62262792001   45332X1           2   001   090420   00   000000   0   000000000000000   000   000000000000000   000   000000000000000      000000000001638848   000   000000001638848   0   0000000000   A   0   0000000000   A   000000   000000   000000000000000   000000000000000   0000A0000000
 002070   62262792001   58606X1           2   001   090420   00   000000   0   000000000000000   000   000000000000000   000   000000000000000      000000000000460026   000   000000000460026   0   0000000000   A   0   0000000000   A   000000   000000   000000000000000   000000000000000   0000A0000000
 002070   61814752603   55439X1           2   001   160420   00   000000   0   000000000000000   000   000000000000000   000   000000000000000      000000000003761153   000   000000003761153   0   0000000000   A   0   0000000000   A   000000   000000   000000000000000   000000000000000   0000A0000000
 002070   61814752603   DES00055          2   001   160420   00   000000   0   000000000000000   000   000000000000000   000   000000000000000      000000000001184071   000   000000001184071   0   0000000000   A   0   0000000000   A   000000   000000   000000000000000   000000000000000   0000A0000000
 002070   61276774302   55439X1           2   002   210420   00   000000   0   000000000000000   000   000000000000000   000   000000000000000      000000000003761153   000   000000007522306   0   0000000000   A   0   0000000000   A   000000   000000   000000000000000   000000000000000   0000A0000000
 002070   61276774302   DES00055          2   001   210420   00   000000   0   000000000000000   000   000000000000000   000   000000000000000      000000000001184071   000   000000001184071   0   0000000000   A   0   0000000000   A   000000   000000   000000000000000   000000000000000   0000A0000000
 002070   61276774302   29366X1           2   003   210420   00   000000   0   000000000000000   000   000000000000000   000   000000000000000      000000000000498756   000   000000001496267   0   0000000000   A   0   0000000000   A   000000   000000   000000000000000   000000000000000   0000A0000000
 002070   61276774302   58373X1           2   003   210420   00   000000   0   000000000000000   000   000000000000000   000   000000000000000      000000000000367140   000   000000001101419   0   0000000000   A   0   0000000000   A   000000   000000   000000000000000   000000000000000   0000A0000000
 002070   61276774302   58606X1           2   002   210420   00   000000   0   000000000000000   000   000000000000000   000   000000000000000      000000000000460026   000   000000000920052   0   0000000000   A   0   0000000000   A   000000   000000   000000000000000   000000000000000   0000A0000000
 002070   61276774302   56438X1           2   004   210420   00   000000   0   000000000000000   000   000000000000000   000   000000000000000      000000000001743854   000   000000006975418   0   0000000000   A   0   0000000000   A   000000   000000   000000000000000   000000000000000   0000A0000000
 002070   61757648201   55439X1           2   005   210420   00   000000   0   000000000000000   000   000000000000000   000   000000000000000      000000000003761153   000   000000018805766   0   0000000000   A   0   0000000000   A   000000   000000   000000000000000   000000000000000   0000A0000000
 002070   61757648201   58606X1           2   003   210420   00   000000   0   000000000000000   000   000000000000000   000   000000000000000      000000000000460026   000   000000001380078   0   0000000000   A   0   0000000000   A   000000   000000   000000000000000   000000000000000   0000A0000000
 002070   61757648201   29366X1           2   003   210420   00   000000   0   000000000000000   000   000000000000000   000   000000000000000      000000000000498756   000   000000001496267   0   0000000000   A   0   0000000000   A   000000   000000   000000000000000   000000000000000   0000A0000000
 002070   61757648201   41924X1           2   005   210420   00   000000   0   000000000000000   000   000000000000000   000   000000000000000      000000000000616586   000   000000003082932   0   0000000000   A   0   0000000000   A   000000   000000   000000000000000   000000000000000   0000A0000000
 002070   61757648201   55439X1           2   004   220420   00   000000   0   000000000000000   000   000000000000000   000   000000000000000      000000000003761153   000   000000015044612   0   0000000000   A   0   0000000000   A   000000   000000   000000000000000   000000000000000   0000A0000000
 002070   61757648201   58606X1           2   003   220420   00   000000   0   000000000000000   000   000000000000000   000   000000000000000      000000000000460026   000   000000001380078   0   0000000000   A   0   0000000000   A   000000   000000   000000000000000   000000000000000   0000A0000000
 002070   61757648201   29366X1           2   003   220420   00   000000   0   000000000000000   000   000000000000000   000   000000000000000      000000000000498756   000   000000001496267   0   0000000000   A   0   0000000000   A   000000   000000   000000000000000   000000000000000   0000A0000000
 002070   61757648201   41924X1           2   003   220420   00   000000   0   000000000000000   000   000000000000000   000   000000000000000      000000000000616586   000   000000001849759   0   0000000000   A   0   0000000000   A   000000   000000   000000000000000   000000000000000   0000A0000000
 002070   61276774302   55439X1           2   002   220420   00   000000   0   000000000000000   000   000000000000000   000   000000000000000      000000000003761153   000   000000007522306   0   0000000000   A   0   0000000000   A   000000   000000   000000000000000   000000000000000   0000A0000000
 002070   61276774302   29366X1           2   003   220420   00   000000   0   000000000000000   000   000000000000000   000   000000000000000      000000000000498756   000   000000001496267   0   0000000000   A   0   0000000000   A   000000   000000   000000000000000   000000000000000   0000A0000000
 002070   61276774302   58373X1           2   003   220420   00   000000   0   000000000000000   000   000000000000000   000   000000000000000      000000000000367140   000   000000001101419   0   0000000000   A   0   0000000000   A   000000   000000   000000000000000   000000000000000   0000A0000000
 002070   61276774302   58606X1           2   002   220420   00   000000   0   000000000000000   000   000000000000000   000   000000000000000      000000000000460026   000   000000000920052   0   0000000000   A   0   0000000000   A   000000   000000   000000000000000   000000000000000   0000A0000000
 002070   61276774302   56438X1           2   003   220420   00   000000   0   000000000000000   000   000000000000000   000   000000000000000      000000000001743854   000   000000005231563   0   0000000000   A   0   0000000000   A   000000   000000   000000000000000   000000000000000   0000A0000000
 002070   61276774302   58606X1           2   001   220420   00   000000   0   000000000000000   000   000000000000000   000   000000000000000      000000000000460026   000   000000000460026   0   0000000000   A   0   0000000000   A   000000   000000   000000000000000   000000000000000   0000A0000000
 002070   61276774302   49924X1           2   003   220420   00   000000   0   000000000000000   000   000000000000000   000   000000000000000      000000000001412419   000   000000004237256   0   0000000000   A   0   0000000000   A   000000   000000   000000000000000   000000000000000   0000A0000000
 002070   61276774302   34031X1           2   001   220420   00   000000   0   000000000000000   000   000000000000000   000   000000000000000      000000000001143847   000   000000001143847   0   0000000000   A   0   0000000000   A   000000   000000   000000000000000   000000000000000   0000A0000000
 002070   61276774302   DES00018          2   002   220420   00   000000   0   000000000000000   000   000000000000000   000   000000000000000      000000000000382800   000   000000000765601   0   0000000000   A   0   0000000000   A   000000   000000   000000000000000   000000000000000   0000A0000000
 002070   61276774302   DES00089          2   001   220420   00   000000   0   000000000000000   000   000000000000000   000   000000000000000      000000000000366932   000   000000000366932   0   0000000000   A   0   0000000000   A   000000   000000   000000000000000   000000000000000   0000A0000000
 002070   61276774302   DES00054          2   001   220420   00   000000   0   000000000000000   000   000000000000000   000   000000000000000      000000000000381150   000   000000000381150   0   0000000000   A   0   0000000000   A   000000   000000   000000000000000   000000000000000   0000A0000000
 002070   61757648201   DES00088          2   001   220420   00   000000   0   000000000000000   000   000000000000000   000   000000000000000      000000000002026125   000   000000002026125   0   0000000000   A   0   0000000000   A   000000   000000   000000000000000   000000000000000   0000A0000000
 002070   61757648201   DES00088          2   001   220420   00   000000   0   000000000000000   000   000000000000000   000   000000000000000      000000000002026125   000   000000002026125   0   0000000000   A   0   0000000000   A   000000   000000   000000000000000   000000000000000   0000A0000000
 002070   61757648201   DES00017          2   001   220420   00   000000   0   000000000000000   000   000000000000000   000   000000000000000      000000000000382801   000   000000000382801   0   0000000000   A   0   0000000000   A   000000   000000   000000000000000   000000000000000   0000A0000000
 002070   61757648201   DES00054          2   001   220420   00   000000   0   000000000000000   000   000000000000000   000   000000000000000      000000000000381150   000   000000000381150   0   0000000000   A   0   0000000000   A   000000   000000   000000000000000   000000000000000   0000A0000000
 002070   61276774302   55439X1           2   002   230420   00   000000   0   000000000000000   000   000000000000000   000   000000000000000      000000000003761153   000   000000007522306   0   0000000000   A   0   0000000000   A   000000   000000   000000000000000   000000000000000   0000A0000000
 002070   61276774302   29366X1           2   003   230420   00   000000   0   000000000000000   000   000000000000000   000   000000000000000      000000000000498756   000   000000001496267   0   0000000000   A   0   0000000000   A   000000   000000   000000000000000   000000000000000   0000A0000000
 002070   61276774302   58373X1           2   003   230420   00   000000   0   000000000000000   000   000000000000000   000   000000000000000      000000000000367140   000   000000001101419   0   0000000000   A   0   0000000000   A   000000   000000   000000000000000   000000000000000   0000A0000000
 002070   61276774302   56438X1           2   004   230420   00   000000   0   000000000000000   000   000000000000000   000   000000000000000      000000000001743854   000   000000006975418   0   0000000000   A   0   0000000000   A   000000   000000   000000000000000   000000000000000   0000A0000000
 002070   61276774302   58606X1           2   003   230420   00   000000   0   000000000000000   000   000000000000000   000   000000000000000      000000000000460026   000   000000001380078   0   0000000000   A   0   0000000000   A   000000   000000   000000000000000   000000000000000   0000A0000000
 002070   61276774302   49924X1           2   003   230420   00   000000   0   000000000000000   000   000000000000000   000   000000000000000      000000000001412419   000   000000004237256   0   0000000000   A   0   0000000000   A   000000   000000   000000000000000   000000000000000   0000A0000000
 002070   61276774302   34031X1           2   001   230420   00   000000   0   000000000000000   000   000000000000000   000   000000000000000      000000000001143847   000   000000001143847   0   0000000000   A   0   0000000000   A   000000   000000   000000000000000   000000000000000   0000A0000000
 002070   61276774302   55439X1           2   002   240420   00   000000   0   000000000000000   000   000000000000000   000   000000000000000      000000000003761153   000   000000007522306   0   0000000000   A   0   0000000000   A   000000   000000   000000000000000   000000000000000   0000A0000000
 002070   61276774302   29366X1           2   003   240420   00   000000   0   000000000000000   000   000000000000000   000   000000000000000      000000000000498756   000   000000001496267   0   0000000000   A   0   0000000000   A   000000   000000   000000000000000   000000000000000   0000A0000000
 002070   61276774302   58373X1           2   003   240420   00   000000   0   000000000000000   000   000000000000000   000   000000000000000      000000000000367140   000   000000001101419   0   0000000000   A   0   0000000000   A   000000   000000   000000000000000   000000000000000   0000A0000000
 002070   61276774302   56438X1           2   004   240420   00   000000   0   000000000000000   000   000000000000000   000   000000000000000      000000000001743854   000   000000006975418   0   0000000000   A   0   0000000000   A   000000   000000   000000000000000   000000000000000   0000A0000000
 002070   61276774302   58606X1           2   003   240420   00   000000   0   000000000000000   000   000000000000000   000   000000000000000      000000000000460026   000   000000001380078   0   0000000000   A   0   0000000000   A   000000   000000   000000000000000   000000000000000   0000A0000000
 002070   61276774302   49924X1           2   003   240420   00   000000   0   000000000000000   000   000000000000000   000   000000000000000      000000000001412419   000   000000004237256   0   0000000000   A   0   0000000000   A   000000   000000   000000000000000   000000000000000   0000A0000000
 002070   61276774302   34031X1           2   001   240420   00   000000   0   000000000000000   000   000000000000000   000   000000000000000      000000000001143847   000   000000001143847   0   0000000000   A   0   0000000000   A   000000   000000   000000000000000   000000000000000   0000A0000000
 002070   61276774302   DES00018          2   001   240420   00   000000   0   000000000000000   000   000000000000000   000   000000000000000      000000000000382801   000   000000000382801   0   0000000000   A   0   0000000000   A   000000   000000   000000000000000   000000000000000   0000A0000000
 002070   61276774302   DES00054          2   001   240420   00   000000   0   000000000000000   000   000000000000000   000   000000000000000      000000000000381150   000   000000000381150   0   0000000000   A   0   0000000000   A   000000   000000   000000000000000   000000000000000   0000A0000000
 002070   63036327601   29366X1           2   001   240420   00   000000   0   000000000000000   000   000000000000000   000   000000000000000      000000000000498756   000   000000000498756   0   0000000000   A   0   0000000000   A   000000   000000   000000000000000   000000000000000   0000A0000000
 002070   63036327601   DES00017          2   001   240420   00   000000   0   000000000000000   000   000000000000000   000   000000000000000      000000000000382801   000   000000000382801   0   0000000000   A   0   0000000000   A   000000   000000   000000000000000   000000000000000   0000A0000000
 002070   63036327601   58606X1           2   001   240420   00   000000   0   000000000000000   000   000000000000000   000   000000000000000      000000000000460026   000   000000000460026   0   0000000000   A   0   0000000000   A   000000   000000   000000000000000   000000000000000   0000A0000000
 002070   63036327601   DES00045          2   001   240420   00   000000   0   000000000000000   000   000000000000000   000   000000000000000      000000000000168489   000   000000000168489   0   0000000000   A   0   0000000000   A   000000   000000   000000000000000   000000000000000   0000A0000000
 002070   63036327601   DES00054          2   001   240420   00   000000   0   000000000000000   000   000000000000000   000   000000000000000      000000000000381150   000   000000000381150   0   0000000000   A   0   0000000000   A   000000   000000   000000000000000   000000000000000   0000A0000000
 002070   63036327601   55439X1           2   001   240420   00   000000   0   000000000000000   000   000000000000000   000   000000000000000      000000000003761153   000   000000003761153   0   0000000000   A   0   0000000000   A   000000   000000   000000000000000   000000000000000   0000A0000000
 002070   63036327601   DES00247          2   001   240420   00   000000   0   000000000000000   000   000000000000000   000   000000000000000      000000000002472750   000   000000002472750   0   0000000000   A   0   0000000000   A   000000   000000   000000000000000   000000000000000   0000A0000000
 002070   63036327601   DES00055          2   001   240420   00   000000   0   000000000000000   000   000000000000000   000   000000000000000      000000000001184071   000   000000001184071   0   0000000000   A   0   0000000000   A   000000   000000   000000000000000   000000000000000   0000A0000000
 002070   63036327601   55439X1           2   004   250420   00   000000   0   000000000000000   000   000000000000000   000   000000000000000      000000000003761153   000   000000015044612   0   0000000000   A   0   0000000000   A   000000   000000   000000000000000   000000000000000   0000A0000000
 002070   63036327601   29366X1           2   006   250420   00   000000   0   000000000000000   000   000000000000000   000   000000000000000      000000000000498756   000   000000002992534   0   0000000000   A   0   0000000000   A   000000   000000   000000000000000   000000000000000   0000A0000000
 002070   63036327601   58606X1           2   006   250420   00   000000   0   000000000000000   000   000000000000000   000   000000000000000      000000000000460026   000   000000002760156   0   0000000000   A   0   0000000000   A   000000   000000   000000000000000   000000000000000   0000A0000000
 002070   61276774302   55439X1           2   004   250420   00   000000   0   000000000000000   000   000000000000000   000   000000000000000      000000000003761153   000   000000015044612   0   0000000000   A   0   0000000000   A   000000   000000   000000000000000   000000000000000   0000A0000000
 002070   61276774302   29366X1           2   006   250420   00   000000   0   000000000000000   000   000000000000000   000   000000000000000      000000000000498756   000   000000002992534   0   0000000000   A   0   0000000000   A   000000   000000   000000000000000   000000000000000   0000A0000000
 002070   61276774302   58373X1           2   006   250420   00   000000   0   000000000000000   000   000000000000000   000   000000000000000      000000000000367140   000   000000002202838   0   0000000000   A   0   0000000000   A   000000   000000   000000000000000   000000000000000   0000A0000000
 002070   61276774302   58606X1           2   006   250420   00   000000   0   000000000000000   000   000000000000000   000   000000000000000      000000000000460026   000   000000002760156   0   0000000000   A   0   0000000000   A   000000   000000   000000000000000   000000000000000   0000A0000000
 002070   61276774302   49924X1           2   006   250420   00   000000   0   000000000000000   000   000000000000000   000   000000000000000      000000000001412419   000   000000008474512   0   0000000000   A   0   0000000000   A   000000   000000   000000000000000   000000000000000   0000A0000000
 002070   61276774302   34031X1           2   002   250420   00   000000   0   000000000000000   000   000000000000000   000   000000000000000      000000000001143847   000   000000002287694   0   0000000000   A   0   0000000000   A   000000   000000   000000000000000   000000000000000   0000A0000000
 002070   61276774302   56438X1           2   005   250420   00   000000   0   000000000000000   000   000000000000000   000   000000000000000      000000000001743854   000   000000008719272   0   0000000000   A   0   0000000000   A   000000   000000   000000000000000   000000000000000   0000A0000000
 002070   63036327601   22323X1           2   004   250420   00   000000   0   000000000000000   000   000000000000000   000   000000000000000      000000000002018213   000   000000008072852   0   0000000000   A   0   0000000000   A   000000   000000   000000000000000   000000000000000   0000A0000000
 002070   63036327601   55439X1           2   001   270420   00   000000   0   000000000000000   000   000000000000000   000   000000000000000      000000000003761153   000   000000003761153   0   0000000000   A   0   0000000000   A   000000   000000   000000000000000   000000000000000   0000A0000000
 002070   63036327601   29366X1           2   003   270420   00   000000   0   000000000000000   000   000000000000000   000   000000000000000      000000000000498756   000   000000001496267   0   0000000000   A   0   0000000000   A   000000   000000   000000000000000   000000000000000   0000A0000000
 002070   63036327601   58606X1           2   003   270420   00   000000   0   000000000000000   000   000000000000000   000   000000000000000      000000000000460026   000   000000001380078   0   0000000000   A   0   0000000000   A   000000   000000   000000000000000   000000000000000   0000A0000000
 002070   63036327601   22323X1           2   002   270420   00   000000   0   000000000000000   000   000000000000000   000   000000000000000      000000000002018213   000   000000004036426   0   0000000000   A   0   0000000000   A   000000   000000   000000000000000   000000000000000   0000A0000000
 002070   63036327601   58606X1           2   001   270420   00   000000   0   000000000000000   000   000000000000000   000   000000000000000      000000000000460026   000   000000000460026   0   0000000000   A   0   0000000000   A   000000   000000   000000000000000   000000000000000   0000A0000000
 002070   63036327601   29366X1           2   001   270420   00   000000   0   000000000000000   000   000000000000000   000   000000000000000      000000000000498756   000   000000000498756   0   0000000000   A   0   0000000000   A   000000   000000   000000000000000   000000000000000   0000A0000000
 002070   63036327601   DES00017          2   001   270420   00   000000   0   000000000000000   000   000000000000000   000   000000000000000      000000000000382801   000   000000000382801   0   0000000000   A   0   0000000000   A   000000   000000   000000000000000   000000000000000   0000A0000000
 002070   63036327601   DES00018          2   001   270420   00   000000   0   000000000000000   000   000000000000000   000   000000000000000      000000000000382801   000   000000000382801   0   0000000000   A   0   0000000000   A   000000   000000   000000000000000   000000000000000   0000A0000000
 002070   63036327601   DES00054          2   001   270420   00   000000   0   000000000000000   000   000000000000000   000   000000000000000      000000000000381150   000   000000000381150   0   0000000000   A   0   0000000000   A   000000   000000   000000000000000   000000000000000   0000A0000000
 002070   63036327601   29366X1           2   001   280420   00   000000   0   000000000000000   000   000000000000000   000   000000000000000      000000000000498756   000   000000000498756   0   0000000000   A   0   0000000000   A   000000   000000   000000000000000   000000000000000   0000A0000000
 002070   63036327601   58606X1           2   001   280420   00   000000   0   000000000000000   000   000000000000000   000   000000000000000      000000000000460026   000   000000000460026   0   0000000000   A   0   0000000000   A   000000   000000   000000000000000   000000000000000   0000A0000000
 002070   63036327601   22323X1           2   001   280420   00   000000   0   000000000000000   000   000000000000000   000   000000000000000      000000000002018213   000   000000002018213   0   0000000000   A   0   0000000000   A   000000   000000   000000000000000   000000000000000   0000A0000000
 002070   61808022701   340907            2   001   310320   00   000000   0   000000000000000   000   000000000000000   000   000000000000000      000000000003132554   000   000000003132554   0   0000000000   A   0   0000000000   A   000000   000000   000000000000000   000000000000000   0000A0000000
 002070   15204082402   340907            2   001   020420   00   000000   0   000000000000000   000   000000000000000   000   000000000000000      000000000003132554   000   000000003132554   0   0000000000   A   0   0000000000   A   000000   000000   000000000000000   000000000000000   0000A0000000
 002070   63036327601   170101            2   001   240420   00   000000   0   000000000794314   000   000000000000000   000   000000000000000      000000000000000000   000   000000000794314   0   0000000000   A   0   0000000000   A   000000   000000   000000000000000   000000000000000   0000A0000000
 002070   63036327601   420303            2   001   240420   00   000000   0   000000000000000   000   000000000000000   000   000000000000000      000000000001267979   000   000000001267979   0   0000000000   A   0   0000000000   A   000000   000000   000000000000000   000000000000000   0000A0000000
 002070   63036327601   420301            2   001   250420   00   000000   0   000000001267979   000   000000000000000   000   000000000000000      000000000000000000   000   000000001267979   0   0000000000   A   0   0000000000   A   000000   000000   000000000000000   000000000000000   0000A0000000
 002070   63036327601   340907            2   001   270420   00   000000   0   000000000000000   000   000000000000000   000   000000000000000      000000000003132554   000   000000003132554   0   0000000000   A   0   0000000000   A   000000   000000   000000000000000   000000000000000   0000A0000000
