 002070   63008261701   400101            2   002   020320   00   000000   0   000000000000000   000   000000000000000   000   000000000000000      000000000036608266   000   000000073216532   0   0000000000   A   0   0000000000   A   000000   000000   000000000000000   000000000000000   0000A0000000
 002070   63008261701   430171            2   005   040320   00   000000   0   000000000000000   000   000000000000000   000   000000000000000      000000000022133464   000   000000110667320   0   0000000000   A   0   0000000000   A   000000   000000   000000000000000   000000000000000   0000A0000000
 002070   62132876502   430185            2   001   120320   00   000000   0   000000000000000   000   000000000000000   000   000000000000000      000000000007794966   000   000000007794966   0   0000000000   A   0   0000000000   A   000000   000000   000000000000000   000000000000000   0000A0000000
 002070   61780520102   430185            2   001   130320   00   000000   0   000000000000000   000   000000000000000   000   000000000000000      000000000007794966   000   000000007794966   0   0000000000   A   0   0000000000   A   000000   000000   000000000000000   000000000000000   0000A0000000
 002070   08204921002   400101            2   008   130320   00   000000   0   000000000000000   000   000000000000000   000   000000000000000      000000000036608266   000   000000292866128   0   0000000000   A   0   0000000000   A   000000   000000   000000000000000   000000000000000   0000A0000000
 002070   00000000000   430171            2   003   200320   00   000000   0   000000000000000   000   000000000000000   000   000000000000000      000000000022133464   000   000000066400392   0   0000000000   A   0   0000000000   A   000000   000000   000000000000000   000000000000000   0000A0000000
 002070   61613606303   430171            2   001   260320   00   000000   0   000000000000000   000   000000000000000   000   000000000000000      000000000022133464   000   000000022133464   0   0000000000   A   0   0000000000   A   000000   000000   000000000000000   000000000000000   0000A0000000
 002070   63008261701   430171            2   001   300320   00   000000   0   000000000000000   000   000000000000000   000   000000000000000      000000000022133464   000   000000022133464   0   0000000000   A   0   0000000000   A   000000   000000   000000000000000   000000000000000   0000A0000000
 002070   00000000000   130204            2   001   210320   00   000000   0   000000000000000   000   000000000000000   000   000000000000000      000000000031400688   000   000000031400688   0   0000000000   A   0   0000000000   A   000000   000000   000000000000000   000000000000000   0000A0000000
 002070   61613606303   100709            2   001   260320   00   000000   0   000000000000000   000   000000000000000   000   000000000000000      000000000021052734   000   000000021052734   0   0000000000   A   0   0000000000   A   000000   000000   000000000000000   000000000000000   0000A0000000
 002070   63008261701   080203            2   001   300320   00   000000   0   000000000000000   000   000000000000000   000   000000000000000      000000000039250860   000   000000039250860   0   0000000000   A   0   0000000000   A   000000   000000   000000000000000   000000000000000   0000A0000000
 002070   63008261701   431101            2   001   300320   00   000000   0   000000000000000   000   000000000000000   000   000000000000000      000000000001122481   000   000000001122481   0   0000000000   A   0   0000000000   A   000000   000000   000000000000000   000000000000000   0000A0000000
 002070   00000000000   DES00052          2   001   210320   00   000000   0   000000000000000   000   000000000000000   000   000000000000000      000000000003420873   000   000000003420873   0   0000000000   A   0   0000000000   A   000000   000000   000000000000000   000000000000000   0000A0000000
 002070   00000000000   DES00094          2   001   210320   00   000000   0   000000000000000   000   000000000000000   000   000000000000000      000000000000550169   000   000000000550169   0   0000000000   A   0   0000000000   A   000000   000000   000000000000000   000000000000000   0000A0000000
 002070   00000000000   15010X1           2   001   210320   00   000000   0   000000000000000   000   000000000000000   000   000000000000000      000000000001642500   000   000000001642500   0   0000000000   A   0   0000000000   A   000000   000000   000000000000000   000000000000000   0000A0000000
 002070   00000000000   18163X1           2   001   210320   00   000000   0   000000000000000   000   000000000000000   000   000000000000000      000000000001404360   000   000000001404360   0   0000000000   A   0   0000000000   A   000000   000000   000000000000000   000000000000000   0000A0000000
 002070   00000000000   55439X1           2   001   210320   00   000000   0   000000000000000   000   000000000000000   000   000000000000000      000000000003723915   000   000000003723915   0   0000000000   A   0   0000000000   A   000000   000000   000000000000000   000000000000000   0000A0000000
 002070   61613606303   55439X1           2   003   260320   00   000000   0   000000000000000   000   000000000000000   000   000000000000000      000000000003723915   000   000000011171744   0   0000000000   A   0   0000000000   A   000000   000000   000000000000000   000000000000000   0000A0000000
 002070   61613606303   57916X1           2   001   260320   00   000000   0   000000000000000   000   000000000000000   000   000000000000000      000000000003463200   000   000000003463200   0   0000000000   A   0   0000000000   A   000000   000000   000000000000000   000000000000000   0000A0000000
 002070   61613606303   31837X1           2   001   260320   00   000000   0   000000000000000   000   000000000000000   000   000000000000000      000000000001197802   000   000000001197802   0   0000000000   A   0   0000000000   A   000000   000000   000000000000000   000000000000000   0000A0000000
 002070   61613606303   45332X1           2   001   260320   00   000000   0   000000000000000   000   000000000000000   000   000000000000000      000000000001517451   000   000000001517451   0   0000000000   A   0   0000000000   A   000000   000000   000000000000000   000000000000000   0000A0000000
 002070   61613606303   34031X1           2   001   260320   00   000000   0   000000000000000   000   000000000000000   000   000000000000000      000000000001143847   000   000000001143847   0   0000000000   A   0   0000000000   A   000000   000000   000000000000000   000000000000000   0000A0000000
 002070   61613606303   58606X1           2   002   260320   00   000000   0   000000000000000   000   000000000000000   000   000000000000000      000000000000433987   000   000000000867974   0   0000000000   A   0   0000000000   A   000000   000000   000000000000000   000000000000000   0000A0000000
 002070   61613606303   58373X1           2   001   260320   00   000000   0   000000000000000   000   000000000000000   000   000000000000000      000000000000353019   000   000000000353019   0   0000000000   A   0   0000000000   A   000000   000000   000000000000000   000000000000000   0000A0000000
 002070   61613606303   DES00026          2   005   260320   00   000000   0   000000000000000   000   000000000000000   000   000000000000000      000000000000047855   000   000000000239274   0   0000000000   A   0   0000000000   A   000000   000000   000000000000000   000000000000000   0000A0000000
 002070   61613606303   DES00052          2   001   260320   00   000000   0   000000000000000   000   000000000000000   000   000000000000000      000000000003420873   000   000000003420873   0   0000000000   A   0   0000000000   A   000000   000000   000000000000000   000000000000000   0000A0000000
 002070   63008261701   DES00140          2   001   300320   00   000000   0   000000000000000   000   000000000000000   000   000000000000000      000000000005040000   000   000000005040000   0   0000000000   A   0   0000000000   A   000000   000000   000000000000000   000000000000000   0000A0000000
 002070   63008261701   20172X1           2   001   300320   00   000000   0   000000000000000   000   000000000000000   000   000000000000000      000000000003257179   000   000000003257179   0   0000000000   A   0   0000000000   A   000000   000000   000000000000000   000000000000000   0000A0000000
 002070   63008261701   52001X1           2   001   300320   00   000000   0   000000000000000   000   000000000000000   000   000000000000000      000000000003165734   000   000000003165734   0   0000000000   A   0   0000000000   A   000000   000000   000000000000000   000000000000000   0000A0000000
 002070   63008261701   55439X1           2   003   300320   00   000000   0   000000000000000   000   000000000000000   000   000000000000000      000000000003723915   000   000000011171744   0   0000000000   A   0   0000000000   A   000000   000000   000000000000000   000000000000000   0000A0000000
 002070   63008261701   14916X1           2   030   300320   00   000000   0   000000000000000   000   000000000000000   000   000000000000000      000000000000165190   000   000000004955688   0   0000000000   A   0   0000000000   A   000000   000000   000000000000000   000000000000000   0000A0000000
 002070   63008261701   19428X1           2   001   300320   00   000000   0   000000000000000   000   000000000000000   000   000000000000000      000000000000418435   000   000000000418435   0   0000000000   A   0   0000000000   A   000000   000000   000000000000000   000000000000000   0000A0000000
 002070   63008261701   60196X1           2   001   300320   00   000000   0   000000000000000   000   000000000000000   000   000000000000000      000000000001657198   000   000000001657198   0   0000000000   A   0   0000000000   A   000000   000000   000000000000000   000000000000000   0000A0000000
 002070   63008261701   58689X1           2   001   300320   00   000000   0   000000000000000   000   000000000000000   000   000000000000000      000000000003503563   000   000000003503563   0   0000000000   A   0   0000000000   A   000000   000000   000000000000000   000000000000000   0000A0000000
 002070   63008261701   45332X1           2   001   300320   00   000000   0   000000000000000   000   000000000000000   000   000000000000000      000000000001517451   000   000000001517451   0   0000000000   A   0   0000000000   A   000000   000000   000000000000000   000000000000000   0000A0000000
 002070   63008261701   34031X1           2   001   300320   00   000000   0   000000000000000   000   000000000000000   000   000000000000000      000000000001143847   000   000000001143847   0   0000000000   A   0   0000000000   A   000000   000000   000000000000000   000000000000000   0000A0000000
 002070   63008261701   58606X1           2   002   300320   00   000000   0   000000000000000   000   000000000000000   000   000000000000000      000000000000433987   000   000000000867974   0   0000000000   A   0   0000000000   A   000000   000000   000000000000000   000000000000000   0000A0000000
 002070   63008261701   58373X1           2   001   300320   00   000000   0   000000000000000   000   000000000000000   000   000000000000000      000000000000353019   000   000000000353019   0   0000000000   A   0   0000000000   A   000000   000000   000000000000000   000000000000000   0000A0000000
 002070   63008261701   49924X1           2   001   300320   00   000000   0   000000000000000   000   000000000000000   000   000000000000000      000000000001412419   000   000000001412419   0   0000000000   A   0   0000000000   A   000000   000000   000000000000000   000000000000000   0000A0000000
 002070   63008261701   18910X1           2   004   300320   00   000000   0   000000000000000   000   000000000000000   000   000000000000000      000000000001728186   000   000000006912742   0   0000000000   A   0   0000000000   A   000000   000000   000000000000000   000000000000000   0000A0000000
 002070   63008261701   DES00026          2   005   300320   00   000000   0   000000000000000   000   000000000000000   000   000000000000000      000000000000047855   000   000000000239274   0   0000000000   A   0   0000000000   A   000000   000000   000000000000000   000000000000000   0000A0000000
 002070   63008261701   DES00052          2   001   300320   00   000000   0   000000000000000   000   000000000000000   000   000000000000000      000000000003420873   000   000000003420873   0   0000000000   A   0   0000000000   A   000000   000000   000000000000000   000000000000000   0000A0000000
 002070   63008261701   DES00017          2   001   020320   00   000000   0   000000000000000   000   000000000000000   000   000000000000000      000000000000382801   000   000000000382801   0   0000000000   A   0   0000000000   A   000000   000000   000000000000000   000000000000000   0000A0000000
 002070   63008261701   DES00040          2   001   020320   00   000000   0   000000000000000   000   000000000000000   000   000000000000000      000000000000381150   000   000000000381150   0   0000000000   A   0   0000000000   A   000000   000000   000000000000000   000000000000000   0000A0000000
 002070   63008261701   DES00045          2   001   020320   00   000000   0   000000000000000   000   000000000000000   000   000000000000000      000000000000168489   000   000000000168489   0   0000000000   A   0   0000000000   A   000000   000000   000000000000000   000000000000000   0000A0000000
 002070   63008261701   DES00054          2   001   020320   00   000000   0   000000000000000   000   000000000000000   000   000000000000000      000000000000381150   000   000000000381150   0   0000000000   A   0   0000000000   A   000000   000000   000000000000000   000000000000000   0000A0000000
 002070   63008261701   55439X1           2   001   020320   00   000000   0   000000000000000   000   000000000000000   000   000000000000000      000000000003723915   000   000000003723915   0   0000000000   A   0   0000000000   A   000000   000000   000000000000000   000000000000000   0000A0000000
 002070   63008261701   DES00009          2   001   020320   00   000000   0   000000000000000   000   000000000000000   000   000000000000000      000000000000193991   000   000000000193991   0   0000000000   A   0   0000000000   A   000000   000000   000000000000000   000000000000000   0000A0000000
 002070   63008261701   DES00011          2   002   020320   00   000000   0   000000000000000   000   000000000000000   000   000000000000000      000000000000156545   000   000000000313090   0   0000000000   A   0   0000000000   A   000000   000000   000000000000000   000000000000000   0000A0000000
 002070   63008261701   DES00026          2   006   020320   00   000000   0   000000000000000   000   000000000000000   000   000000000000000      000000000000047855   000   000000000287129   0   0000000000   A   0   0000000000   A   000000   000000   000000000000000   000000000000000   0000A0000000
 002070   63008261701   58373X1           2   001   020320   00   000000   0   000000000000000   000   000000000000000   000   000000000000000      000000000000353019   000   000000000353019   0   0000000000   A   0   0000000000   A   000000   000000   000000000000000   000000000000000   0000A0000000
 002070   63008261701   29366X1           2   001   020320   00   000000   0   000000000000000   000   000000000000000   000   000000000000000      000000000000488976   000   000000000488976   0   0000000000   A   0   0000000000   A   000000   000000   000000000000000   000000000000000   0000A0000000
 002070   63008261701   DES00069          2   001   020320   00   000000   0   000000000000000   000   000000000000000   000   000000000000000      000000000000452970   000   000000000452970   0   0000000000   A   0   0000000000   A   000000   000000   000000000000000   000000000000000   0000A0000000
 002070   63008261701   53986X1           2   001   020320   00   000000   0   000000000000000   000   000000000000000   000   000000000000000      000000000000238054   000   000000000238054   0   0000000000   A   0   0000000000   A   000000   000000   000000000000000   000000000000000   0000A0000000
 002070   63008261701   29366X1           2   001   030320   00   000000   0   000000000000000   000   000000000000000   000   000000000000000      000000000000488976   000   000000000488976   0   0000000000   A   0   0000000000   A   000000   000000   000000000000000   000000000000000   0000A0000000
 002070   63008261701   59442X1           2   001   030320   00   000000   0   000000000000000   000   000000000000000   000   000000000000000      000000000001141863   000   000000001141863   0   0000000000   A   0   0000000000   A   000000   000000   000000000000000   000000000000000   0000A0000000
 002070   63008261701   56438X1           2   002   030320   00   000000   0   000000000000000   000   000000000000000   000   000000000000000      000000000001743854   000   000000003487709   0   0000000000   A   0   0000000000   A   000000   000000   000000000000000   000000000000000   0000A0000000
 002070   63008261701   53986X1           2   001   030320   00   000000   0   000000000000000   000   000000000000000   000   000000000000000      000000000000238054   000   000000000238054   0   0000000000   A   0   0000000000   A   000000   000000   000000000000000   000000000000000   0000A0000000
 002070   63008261701   59442X1           2   001   030320   00   000000   0   000000000000000   000   000000000000000   000   000000000000000      000000000001141863   000   000000001141863   0   0000000000   A   0   0000000000   A   000000   000000   000000000000000   000000000000000   0000A0000000
 002070   63008261701   18168X1           2   001   030320   00   000000   0   000000000000000   000   000000000000000   000   000000000000000      000000000000848700   000   000000000848700   0   0000000000   A   0   0000000000   A   000000   000000   000000000000000   000000000000000   0000A0000000
 002070   63008261701   55439X1           2   002   030320   00   000000   0   000000000000000   000   000000000000000   000   000000000000000      000000000003723914   000   000000007447829   0   0000000000   A   0   0000000000   A   000000   000000   000000000000000   000000000000000   0000A0000000
 002070   63008261701   53986X1           2   001   030320   00   000000   0   000000000000000   000   000000000000000   000   000000000000000      000000000000238054   000   000000000238054   0   0000000000   A   0   0000000000   A   000000   000000   000000000000000   000000000000000   0000A0000000
 002070   63008261701   29366X1           2   003   030320   00   000000   0   000000000000000   000   000000000000000   000   000000000000000      000000000000488976   000   000000001466929   0   0000000000   A   0   0000000000   A   000000   000000   000000000000000   000000000000000   0000A0000000
 002070   63008261701   58373X1           2   003   030320   00   000000   0   000000000000000   000   000000000000000   000   000000000000000      000000000000353019   000   000000001059056   0   0000000000   A   0   0000000000   A   000000   000000   000000000000000   000000000000000   0000A0000000
 002070   63008261701   55439X1           2   003   030320   00   000000   0   000000000000000   000   000000000000000   000   000000000000000      000000000003723915   000   000000011171744   0   0000000000   A   0   0000000000   A   000000   000000   000000000000000   000000000000000   0000A0000000
 002070   63008261701   59442X1           2   003   030320   00   000000   0   000000000000000   000   000000000000000   000   000000000000000      000000000001141863   000   000000003425590   0   0000000000   A   0   0000000000   A   000000   000000   000000000000000   000000000000000   0000A0000000
 002070   63008261701   56438X1           2   004   030320   00   000000   0   000000000000000   000   000000000000000   000   000000000000000      000000000001743854   000   000000006975418   0   0000000000   A   0   0000000000   A   000000   000000   000000000000000   000000000000000   0000A0000000
 002070   63008261701   18693X1           2   001   030320   00   000000   0   000000000000000   000   000000000000000   000   000000000000000      000000000007268572   000   000000007268572   0   0000000000   A   0   0000000000   A   000000   000000   000000000000000   000000000000000   0000A0000000
 002070   63008261701   DES00026          2   003   030320   00   000000   0   000000000000000   000   000000000000000   000   000000000000000      000000000000047855   000   000000000143564   0   0000000000   A   0   0000000000   A   000000   000000   000000000000000   000000000000000   0000A0000000
 002070   63008261701   53986X1           2   001   030320   00   000000   0   000000000000000   000   000000000000000   000   000000000000000      000000000000238054   000   000000000238054   0   0000000000   A   0   0000000000   A   000000   000000   000000000000000   000000000000000   0000A0000000
 002070   63008261701   53986X1           2   001   040320   00   000000   0   000000000000000   000   000000000000000   000   000000000000000      000000000000238054   000   000000000238054   0   0000000000   A   0   0000000000   A   000000   000000   000000000000000   000000000000000   0000A0000000
 002070   63008261701   29366X1           2   003   040320   00   000000   0   000000000000000   000   000000000000000   000   000000000000000      000000000000488976   000   000000001466929   0   0000000000   A   0   0000000000   A   000000   000000   000000000000000   000000000000000   0000A0000000
 002070   63008261701   58373X1           2   003   040320   00   000000   0   000000000000000   000   000000000000000   000   000000000000000      000000000000353019   000   000000001059056   0   0000000000   A   0   0000000000   A   000000   000000   000000000000000   000000000000000   0000A0000000
 002070   63008261701   55439X1           2   003   040320   00   000000   0   000000000000000   000   000000000000000   000   000000000000000      000000000003723915   000   000000011171744   0   0000000000   A   0   0000000000   A   000000   000000   000000000000000   000000000000000   0000A0000000
 002070   63008261701   59442X1           2   003   040320   00   000000   0   000000000000000   000   000000000000000   000   000000000000000      000000000001141863   000   000000003425590   0   0000000000   A   0   0000000000   A   000000   000000   000000000000000   000000000000000   0000A0000000
 002070   63008261701   56438X1           2   004   040320   00   000000   0   000000000000000   000   000000000000000   000   000000000000000      000000000001743854   000   000000006975418   0   0000000000   A   0   0000000000   A   000000   000000   000000000000000   000000000000000   0000A0000000
 002070   63008261701   18693X1           2   001   040320   00   000000   0   000000000000000   000   000000000000000   000   000000000000000      000000000007268572   000   000000007268572   0   0000000000   A   0   0000000000   A   000000   000000   000000000000000   000000000000000   0000A0000000
 002070   63008261701   DES00017          2   001   040320   00   000000   0   000000000000000   000   000000000000000   000   000000000000000      000000000000382801   000   000000000382801   0   0000000000   A   0   0000000000   A   000000   000000   000000000000000   000000000000000   0000A0000000
 002070   63008261701   DES00018          2   001   040320   00   000000   0   000000000000000   000   000000000000000   000   000000000000000      000000000000382801   000   000000000382801   0   0000000000   A   0   0000000000   A   000000   000000   000000000000000   000000000000000   0000A0000000
 002070   63008261701   DES00054          2   001   040320   00   000000   0   000000000000000   000   000000000000000   000   000000000000000      000000000000381150   000   000000000381150   0   0000000000   A   0   0000000000   A   000000   000000   000000000000000   000000000000000   0000A0000000
 002070   63008261701   59442X1           2   001   050320   00   000000   0   000000000000000   000   000000000000000   000   000000000000000      000000000001141863   000   000000001141863   0   0000000000   A   0   0000000000   A   000000   000000   000000000000000   000000000000000   0000A0000000
 002070   63008261701   29366X1           2   003   050320   00   000000   0   000000000000000   000   000000000000000   000   000000000000000      000000000000488976   000   000000001466929   0   0000000000   A   0   0000000000   A   000000   000000   000000000000000   000000000000000   0000A0000000
 002070   63008261701   58373X1           2   003   050320   00   000000   0   000000000000000   000   000000000000000   000   000000000000000      000000000000353019   000   000000001059056   0   0000000000   A   0   0000000000   A   000000   000000   000000000000000   000000000000000   0000A0000000
 002070   63008261701   18693X1           2   001   050320   00   000000   0   000000000000000   000   000000000000000   000   000000000000000      000000000007268572   000   000000007268572   0   0000000000   A   0   0000000000   A   000000   000000   000000000000000   000000000000000   0000A0000000
 002070   63008261701   56438X1           2   008   050320   00   000000   0   000000000000000   000   000000000000000   000   000000000000000      000000000001743854   000   000000013950835   0   0000000000   A   0   0000000000   A   000000   000000   000000000000000   000000000000000   0000A0000000
 002070   63008261701   55439X1           2   001   050320   00   000000   0   000000000000000   000   000000000000000   000   000000000000000      000000000003723915   000   000000003723915   0   0000000000   A   0   0000000000   A   000000   000000   000000000000000   000000000000000   0000A0000000
 002070   63008261701   59442X1           2   002   050320   00   000000   0   000000000000000   000   000000000000000   000   000000000000000      000000000001141864   000   000000002283727   0   0000000000   A   0   0000000000   A   000000   000000   000000000000000   000000000000000   0000A0000000
 002070   63008261701   DES00055          2   001   050320   00   000000   0   000000000000000   000   000000000000000   000   000000000000000      000000000001184071   000   000000001184071   0   0000000000   A   0   0000000000   A   000000   000000   000000000000000   000000000000000   0000A0000000
 002070   63008261701   29366X1           2   003   060320   00   000000   0   000000000000000   000   000000000000000   000   000000000000000      000000000000488976   000   000000001466929   0   0000000000   A   0   0000000000   A   000000   000000   000000000000000   000000000000000   0000A0000000
 002070   63008261701   58373X1           2   003   060320   00   000000   0   000000000000000   000   000000000000000   000   000000000000000      000000000000353019   000   000000001059056   0   0000000000   A   0   0000000000   A   000000   000000   000000000000000   000000000000000   0000A0000000
 002070   63008261701   18693X1           2   001   060320   00   000000   0   000000000000000   000   000000000000000   000   000000000000000      000000000007268572   000   000000007268572   0   0000000000   A   0   0000000000   A   000000   000000   000000000000000   000000000000000   0000A0000000
 002070   63008261701   56438X1           2   004   060320   00   000000   0   000000000000000   000   000000000000000   000   000000000000000      000000000001743854   000   000000006975418   0   0000000000   A   0   0000000000   A   000000   000000   000000000000000   000000000000000   0000A0000000
 002070   63008261701   55439X1           2   001   060320   00   000000   0   000000000000000   000   000000000000000   000   000000000000000      000000000003723915   000   000000003723915   0   0000000000   A   0   0000000000   A   000000   000000   000000000000000   000000000000000   0000A0000000
 002070   63008261701   59442X1           2   001   060320   00   000000   0   000000000000000   000   000000000000000   000   000000000000000      000000000001141863   000   000000001141863   0   0000000000   A   0   0000000000   A   000000   000000   000000000000000   000000000000000   0000A0000000
 002070   63008261701   56438X1           2   001   070320   00   000000   0   000000000000000   000   000000000000000   000   000000000000000      000000000001743854   000   000000001743854   0   0000000000   A   0   0000000000   A   000000   000000   000000000000000   000000000000000   0000A0000000
 002070   63008261701   18693X1           2   002   070320   00   000000   0   000000000000000   000   000000000000000   000   000000000000000      000000000007268572   000   000000014537144   0   0000000000   A   0   0000000000   A   000000   000000   000000000000000   000000000000000   0000A0000000
 002070   63008261701   58373X1           2   004   070320   00   000000   0   000000000000000   000   000000000000000   000   000000000000000      000000000000353019   000   000000001412075   0   0000000000   A   0   0000000000   A   000000   000000   000000000000000   000000000000000   0000A0000000
 002070   63008261701   29366X1           2   004   070320   00   000000   0   000000000000000   000   000000000000000   000   000000000000000      000000000000488976   000   000000001955905   0   0000000000   A   0   0000000000   A   000000   000000   000000000000000   000000000000000   0000A0000000
 002070   63008261701   59442X1           2   002   070320   00   000000   0   000000000000000   000   000000000000000   000   000000000000000      000000000001141864   000   000000002283727   0   0000000000   A   0   0000000000   A   000000   000000   000000000000000   000000000000000   0000A0000000
 002070   63008261701   18693X1           2   001   090320   00   000000   0   000000000000000   000   000000000000000   000   000000000000000      000000000007268572   000   000000007268572   0   0000000000   A   0   0000000000   A   000000   000000   000000000000000   000000000000000   0000A0000000
 002070   63008261701   DES00017          2   001   090320   00   000000   0   000000000000000   000   000000000000000   000   000000000000000      000000000000382801   000   000000000382801   0   0000000000   A   0   0000000000   A   000000   000000   000000000000000   000000000000000   0000A0000000
 002070   63008261701   DES00018          2   001   090320   00   000000   0   000000000000000   000   000000000000000   000   000000000000000      000000000000382801   000   000000000382801   0   0000000000   A   0   0000000000   A   000000   000000   000000000000000   000000000000000   0000A0000000
 002070   08204921002   DES00017          2   001   130320   00   000000   0   000000000000000   000   000000000000000   000   000000000000000      000000000000382801   000   000000000382801   0   0000000000   A   0   0000000000   A   000000   000000   000000000000000   000000000000000   0000A0000000
 002070   08204921002   DES00040          2   001   130320   00   000000   0   000000000000000   000   000000000000000   000   000000000000000      000000000000381150   000   000000000381150   0   0000000000   A   0   0000000000   A   000000   000000   000000000000000   000000000000000   0000A0000000
 002070   08204921002   DES00045          2   001   130320   00   000000   0   000000000000000   000   000000000000000   000   000000000000000      000000000000168489   000   000000000168489   0   0000000000   A   0   0000000000   A   000000   000000   000000000000000   000000000000000   0000A0000000
 002070   08204921002   DES00054          2   001   130320   00   000000   0   000000000000000   000   000000000000000   000   000000000000000      000000000000381150   000   000000000381150   0   0000000000   A   0   0000000000   A   000000   000000   000000000000000   000000000000000   0000A0000000
 002070   08204921002   55439X1           2   001   130320   00   000000   0   000000000000000   000   000000000000000   000   000000000000000      000000000003723915   000   000000003723915   0   0000000000   A   0   0000000000   A   000000   000000   000000000000000   000000000000000   0000A0000000
 002070   08204921002   DES00026          2   003   130320   00   000000   0   000000000000000   000   000000000000000   000   000000000000000      000000000000047855   000   000000000143564   0   0000000000   A   0   0000000000   A   000000   000000   000000000000000   000000000000000   0000A0000000
 002070   08204921002   DES00042          2   001   130320   00   000000   0   000000000000000   000   000000000000000   000   000000000000000      000000000000666201   000   000000000666201   0   0000000000   A   0   0000000000   A   000000   000000   000000000000000   000000000000000   0000A0000000
 002070   08204921002   DES00040          2   001   130320   00   000000   0   000000000000000   000   000000000000000   000   000000000000000      000000000000381150   000   000000000381150   0   0000000000   A   0   0000000000   A   000000   000000   000000000000000   000000000000000   0000A0000000
 002070   08204921002   DES00056          2   001   130320   00   000000   0   000000000000000   000   000000000000000   000   000000000000000      000000000004095457   000   000000004095457   0   0000000000   A   0   0000000000   A   000000   000000   000000000000000   000000000000000   0000A0000000
 002070   08204921002   DES00026          2   001   140320   00   000000   0   000000000000000   000   000000000000000   000   000000000000000      000000000000047855   000   000000000047855   0   0000000000   A   0   0000000000   A   000000   000000   000000000000000   000000000000000   0000A0000000
 002070   08204921002   29366X1           2   001   140320   00   000000   0   000000000000000   000   000000000000000   000   000000000000000      000000000000488976   000   000000000488976   0   0000000000   A   0   0000000000   A   000000   000000   000000000000000   000000000000000   0000A0000000
 002070   08204921002   DES00009          2   001   140320   00   000000   0   000000000000000   000   000000000000000   000   000000000000000      000000000000193991   000   000000000193991   0   0000000000   A   0   0000000000   A   000000   000000   000000000000000   000000000000000   0000A0000000
 002070   08204921002   18158X1           2   001   140320   00   000000   0   000000000000000   000   000000000000000   000   000000000000000      000000000000928080   000   000000000928080   0   0000000000   A   0   0000000000   A   000000   000000   000000000000000   000000000000000   0000A0000000
 002070   08204921002   56852X1           2   001   140320   00   000000   0   000000000000000   000   000000000000000   000   000000000000000      000000000003789593   000   000000003789593   0   0000000000   A   0   0000000000   A   000000   000000   000000000000000   000000000000000   0000A0000000
 002070   08204921002   14931X1           2   001   140320   00   000000   0   000000000000000   000   000000000000000   000   000000000000000      000000000000747219   000   000000000747219   0   0000000000   A   0   0000000000   A   000000   000000   000000000000000   000000000000000   0000A0000000
 002070   08204921002   18158X1           2   002   140320   00   000000   0   000000000000000   000   000000000000000   000   000000000000000      000000000000928080   000   000000001856160   0   0000000000   A   0   0000000000   A   000000   000000   000000000000000   000000000000000   0000A0000000
 002070   08204921002   56852X1           2   002   140320   00   000000   0   000000000000000   000   000000000000000   000   000000000000000      000000000003789593   000   000000007579186   0   0000000000   A   0   0000000000   A   000000   000000   000000000000000   000000000000000   0000A0000000
 002070   08204921002   55439X1           2   002   140320   00   000000   0   000000000000000   000   000000000000000   000   000000000000000      000000000003723914   000   000000007447829   0   0000000000   A   0   0000000000   A   000000   000000   000000000000000   000000000000000   0000A0000000
 002070   08204921002   29366X1           2   006   140320   00   000000   0   000000000000000   000   000000000000000   000   000000000000000      000000000000488976   000   000000002933858   0   0000000000   A   0   0000000000   A   000000   000000   000000000000000   000000000000000   0000A0000000
 002070   08204921002   58373X1           2   006   140320   00   000000   0   000000000000000   000   000000000000000   000   000000000000000      000000000000353019   000   000000002118112   0   0000000000   A   0   0000000000   A   000000   000000   000000000000000   000000000000000   0000A0000000
 002070   08204921002   29366X1           2   001   140320   00   000000   0   000000000000000   000   000000000000000   000   000000000000000      000000000000488976   000   000000000488976   0   0000000000   A   0   0000000000   A   000000   000000   000000000000000   000000000000000   0000A0000000
 002070   08204921002   53986X1           2   001   140320   00   000000   0   000000000000000   000   000000000000000   000   000000000000000      000000000000238054   000   000000000238054   0   0000000000   A   0   0000000000   A   000000   000000   000000000000000   000000000000000   0000A0000000
 002070   08204921002   53986X1           2   001   140320   00   000000   0   000000000000000   000   000000000000000   000   000000000000000      000000000000238054   000   000000000238054   0   0000000000   A   0   0000000000   A   000000   000000   000000000000000   000000000000000   0000A0000000
 002070   08204921002   DES00055          2   001   140320   00   000000   0   000000000000000   000   000000000000000   000   000000000000000      000000000001184071   000   000000001184071   0   0000000000   A   0   0000000000   A   000000   000000   000000000000000   000000000000000   0000A0000000
 002070   08204921002   28659X1           2   001   140320   00   000000   0   000000000000000   000   000000000000000   000   000000000000000      000000000000998332   000   000000000998332   0   0000000000   A   0   0000000000   A   000000   000000   000000000000000   000000000000000   0000A0000000
 002070   08204921002   DES00026          2   003   150320   00   000000   0   000000000000000   000   000000000000000   000   000000000000000      000000000000047855   000   000000000143564   0   0000000000   A   0   0000000000   A   000000   000000   000000000000000   000000000000000   0000A0000000
 002070   08204921002   DES00017          2   001   150320   00   000000   0   000000000000000   000   000000000000000   000   000000000000000      000000000000382801   000   000000000382801   0   0000000000   A   0   0000000000   A   000000   000000   000000000000000   000000000000000   0000A0000000
 002070   08204921002   DES00026          2   003   150320   00   000000   0   000000000000000   000   000000000000000   000   000000000000000      000000000000047855   000   000000000143564   0   0000000000   A   0   0000000000   A   000000   000000   000000000000000   000000000000000   0000A0000000
 002070   08204921002   58606X1           2   001   150320   00   000000   0   000000000000000   000   000000000000000   000   000000000000000      000000000000433987   000   000000000433987   0   0000000000   A   0   0000000000   A   000000   000000   000000000000000   000000000000000   0000A0000000
 002070   08204921002   DES00040          2   001   150320   00   000000   0   000000000000000   000   000000000000000   000   000000000000000      000000000000381150   000   000000000381150   0   0000000000   A   0   0000000000   A   000000   000000   000000000000000   000000000000000   0000A0000000
 002070   08204921002   DES00051          2   001   150320   00   000000   0   000000000000000   000   000000000000000   000   000000000000000      000000000004095457   000   000000004095457   0   0000000000   A   0   0000000000   A   000000   000000   000000000000000   000000000000000   0000A0000000
 002070   08204921002   DES00054          2   001   150320   00   000000   0   000000000000000   000   000000000000000   000   000000000000000      000000000000381150   000   000000000381150   0   0000000000   A   0   0000000000   A   000000   000000   000000000000000   000000000000000   0000A0000000
 002070   08204921002   DES00055          2   001   150320   00   000000   0   000000000000000   000   000000000000000   000   000000000000000      000000000001184071   000   000000001184071   0   0000000000   A   0   0000000000   A   000000   000000   000000000000000   000000000000000   0000A0000000
 002070   08204921002   53986X1           2   001   150320   00   000000   0   000000000000000   000   000000000000000   000   000000000000000      000000000000238054   000   000000000238054   0   0000000000   A   0   0000000000   A   000000   000000   000000000000000   000000000000000   0000A0000000
 002070   08204921002   28659X1           2   001   150320   00   000000   0   000000000000000   000   000000000000000   000   000000000000000      000000000000998332   000   000000000998332   0   0000000000   A   0   0000000000   A   000000   000000   000000000000000   000000000000000   0000A0000000
 002070   08204921002   53986X1           2   001   150320   00   000000   0   000000000000000   000   000000000000000   000   000000000000000      000000000000238054   000   000000000238054   0   0000000000   A   0   0000000000   A   000000   000000   000000000000000   000000000000000   0000A0000000
 002070   08204921002   53986X1           2   001   150320   00   000000   0   000000000000000   000   000000000000000   000   000000000000000      000000000000238054   000   000000000238054   0   0000000000   A   0   0000000000   A   000000   000000   000000000000000   000000000000000   0000A0000000
 002070   08204921002   28659X1           2   001   160320   00   000000   0   000000000000000   000   000000000000000   000   000000000000000      000000000000998332   000   000000000998332   0   0000000000   A   0   0000000000   A   000000   000000   000000000000000   000000000000000   0000A0000000
 002070   08204921002   45886X1           2   001   160320   00   000000   0   000000000000000   000   000000000000000   000   000000000000000      000000000002900062   000   000000002900062   0   0000000000   A   0   0000000000   A   000000   000000   000000000000000   000000000000000   0000A0000000
 002070   08204921002   53609X1           2   001   160320   00   000000   0   000000000000000   000   000000000000000   000   000000000000000      000000000000498296   000   000000000498296   0   0000000000   A   0   0000000000   A   000000   000000   000000000000000   000000000000000   0000A0000000
 002070   08204921002   10055X1           2   001   160320   00   000000   0   000000000000000   000   000000000000000   000   000000000000000      000000000001545120   000   000000001545120   0   0000000000   A   0   0000000000   A   000000   000000   000000000000000   000000000000000   0000A0000000
 002070   08204921002   10055X1           2   001   160320   00   000000   0   000000000000000   000   000000000000000   000   000000000000000      000000000001545120   000   000000001545120   0   0000000000   A   0   0000000000   A   000000   000000   000000000000000   000000000000000   0000A0000000
 002070   08204921002   18158X1           2   001   160320   00   000000   0   000000000000000   000   000000000000000   000   000000000000000      000000000000928080   000   000000000928080   0   0000000000   A   0   0000000000   A   000000   000000   000000000000000   000000000000000   0000A0000000
 002070   08204921002   56852X1           2   001   160320   00   000000   0   000000000000000   000   000000000000000   000   000000000000000      000000000003789593   000   000000003789593   0   0000000000   A   0   0000000000   A   000000   000000   000000000000000   000000000000000   0000A0000000
 002070   08204921002   55439X1           2   001   160320   00   000000   0   000000000000000   000   000000000000000   000   000000000000000      000000000003723915   000   000000003723915   0   0000000000   A   0   0000000000   A   000000   000000   000000000000000   000000000000000   0000A0000000
 002070   08204921002   29366X1           2   003   160320   00   000000   0   000000000000000   000   000000000000000   000   000000000000000      000000000000488976   000   000000001466929   0   0000000000   A   0   0000000000   A   000000   000000   000000000000000   000000000000000   0000A0000000
 002070   08204921002   58373X1           2   003   160320   00   000000   0   000000000000000   000   000000000000000   000   000000000000000      000000000000353019   000   000000001059056   0   0000000000   A   0   0000000000   A   000000   000000   000000000000000   000000000000000   0000A0000000
 002070   08204921002   58606X1           2   001   160320   00   000000   0   000000000000000   000   000000000000000   000   000000000000000      000000000000433987   000   000000000433987   0   0000000000   A   0   0000000000   A   000000   000000   000000000000000   000000000000000   0000A0000000
 002070   08204921002   DES00026          2   003   160320   00   000000   0   000000000000000   000   000000000000000   000   000000000000000      000000000000047855   000   000000000143564   0   0000000000   A   0   0000000000   A   000000   000000   000000000000000   000000000000000   0000A0000000
 002070   08204921002   DES00040          2   001   160320   00   000000   0   000000000000000   000   000000000000000   000   000000000000000      000000000000381150   000   000000000381150   0   0000000000   A   0   0000000000   A   000000   000000   000000000000000   000000000000000   0000A0000000
 002070   08204921002   DES00045          2   001   160320   00   000000   0   000000000000000   000   000000000000000   000   000000000000000      000000000000168489   000   000000000168489   0   0000000000   A   0   0000000000   A   000000   000000   000000000000000   000000000000000   0000A0000000
 002070   08204921002   28659X1           2   001   160320   00   000000   0   000000000000000   000   000000000000000   000   000000000000000      000000000000998332   000   000000000998332   0   0000000000   A   0   0000000000   A   000000   000000   000000000000000   000000000000000   0000A0000000
 002070   08204921002   53986X1           2   001   160320   00   000000   0   000000000000000   000   000000000000000   000   000000000000000      000000000000238054   000   000000000238054   0   0000000000   A   0   0000000000   A   000000   000000   000000000000000   000000000000000   0000A0000000
 002070   08204921002   53986X1           2   001   170320   00   000000   0   000000000000000   000   000000000000000   000   000000000000000      000000000000238054   000   000000000238054   0   0000000000   A   0   0000000000   A   000000   000000   000000000000000   000000000000000   0000A0000000
 002070   08204921002   53986X1           2   001   170320   00   000000   0   000000000000000   000   000000000000000   000   000000000000000      000000000000238054   000   000000000238054   0   0000000000   A   0   0000000000   A   000000   000000   000000000000000   000000000000000   0000A0000000
 002070   08204921002   DES00040          2   001   170320   00   000000   0   000000000000000   000   000000000000000   000   000000000000000      000000000000381150   000   000000000381150   0   0000000000   A   0   0000000000   A   000000   000000   000000000000000   000000000000000   0000A0000000
 002070   08204921002   10055X1           2   001   170320   00   000000   0   000000000000000   000   000000000000000   000   000000000000000      000000000001545120   000   000000001545120   0   0000000000   A   0   0000000000   A   000000   000000   000000000000000   000000000000000   0000A0000000
 002070   08204921002   18158X1           2   001   170320   00   000000   0   000000000000000   000   000000000000000   000   000000000000000      000000000000928080   000   000000000928080   0   0000000000   A   0   0000000000   A   000000   000000   000000000000000   000000000000000   0000A0000000
 002070   08204921002   56852X1           2   001   170320   00   000000   0   000000000000000   000   000000000000000   000   000000000000000      000000000003789593   000   000000003789593   0   0000000000   A   0   0000000000   A   000000   000000   000000000000000   000000000000000   0000A0000000
 002070   08204921002   55439X1           2   001   170320   00   000000   0   000000000000000   000   000000000000000   000   000000000000000      000000000003723915   000   000000003723915   0   0000000000   A   0   0000000000   A   000000   000000   000000000000000   000000000000000   0000A0000000
 002070   08204921002   29366X1           2   003   170320   00   000000   0   000000000000000   000   000000000000000   000   000000000000000      000000000000488976   000   000000001466929   0   0000000000   A   0   0000000000   A   000000   000000   000000000000000   000000000000000   0000A0000000
 002070   08204921002   58373X1           2   003   170320   00   000000   0   000000000000000   000   000000000000000   000   000000000000000      000000000000353019   000   000000001059056   0   0000000000   A   0   0000000000   A   000000   000000   000000000000000   000000000000000   0000A0000000
 002070   08204921002   DES00017          2   001   170320   00   000000   0   000000000000000   000   000000000000000   000   000000000000000      000000000000382801   000   000000000382801   0   0000000000   A   0   0000000000   A   000000   000000   000000000000000   000000000000000   0000A0000000
 002070   08204921002   DES00026          2   003   170320   00   000000   0   000000000000000   000   000000000000000   000   000000000000000      000000000000047855   000   000000000143564   0   0000000000   A   0   0000000000   A   000000   000000   000000000000000   000000000000000   0000A0000000
 002070   08204921002   DES00040          2   001   170320   00   000000   0   000000000000000   000   000000000000000   000   000000000000000      000000000000381150   000   000000000381150   0   0000000000   A   0   0000000000   A   000000   000000   000000000000000   000000000000000   0000A0000000
 002070   08204921002   DES00051          2   001   170320   00   000000   0   000000000000000   000   000000000000000   000   000000000000000      000000000004095457   000   000000004095457   0   0000000000   A   0   0000000000   A   000000   000000   000000000000000   000000000000000   0000A0000000
 002070   08204921002   53986X1           2   001   170320   00   000000   0   000000000000000   000   000000000000000   000   000000000000000      000000000000238054   000   000000000238054   0   0000000000   A   0   0000000000   A   000000   000000   000000000000000   000000000000000   0000A0000000
 002070   08204921002   DES00055          2   001   170320   00   000000   0   000000000000000   000   000000000000000   000   000000000000000      000000000001184071   000   000000001184071   0   0000000000   A   0   0000000000   A   000000   000000   000000000000000   000000000000000   0000A0000000
 002070   08204921002   DES00056          2   001   170320   00   000000   0   000000000000000   000   000000000000000   000   000000000000000      000000000004095457   000   000000004095457   0   0000000000   A   0   0000000000   A   000000   000000   000000000000000   000000000000000   0000A0000000
 002070   08204921002   28659X1           2   001   170320   00   000000   0   000000000000000   000   000000000000000   000   000000000000000      000000000000998332   000   000000000998332   0   0000000000   A   0   0000000000   A   000000   000000   000000000000000   000000000000000   0000A0000000
 002070   08204921002   53986X1           2   001   170320   00   000000   0   000000000000000   000   000000000000000   000   000000000000000      000000000000238054   000   000000000238054   0   0000000000   A   0   0000000000   A   000000   000000   000000000000000   000000000000000   0000A0000000
 002070   08204921002   DES00011          2   001   170320   00   000000   0   000000000000000   000   000000000000000   000   000000000000000      000000000000156545   000   000000000156545   0   0000000000   A   0   0000000000   A   000000   000000   000000000000000   000000000000000   0000A0000000
 002070   08204921002   DES00069          2   001   170320   00   000000   0   000000000000000   000   000000000000000   000   000000000000000      000000000000452970   000   000000000452970   0   0000000000   A   0   0000000000   A   000000   000000   000000000000000   000000000000000   0000A0000000
 002070   08204921002   DES00026          2   002   180320   00   000000   0   000000000000000   000   000000000000000   000   000000000000000      000000000000047855   000   000000000095710   0   0000000000   A   0   0000000000   A   000000   000000   000000000000000   000000000000000   0000A0000000
 002070   08204921002   28659X1           2   001   180320   00   000000   0   000000000000000   000   000000000000000   000   000000000000000      000000000000998332   000   000000000998332   0   0000000000   A   0   0000000000   A   000000   000000   000000000000000   000000000000000   0000A0000000
 002070   08204921002   53986X1           2   001   180320   00   000000   0   000000000000000   000   000000000000000   000   000000000000000      000000000000238054   000   000000000238054   0   0000000000   A   0   0000000000   A   000000   000000   000000000000000   000000000000000   0000A0000000
 002070   08204921002   18158X1           2   001   180320   00   000000   0   000000000000000   000   000000000000000   000   000000000000000      000000000000928080   000   000000000928080   0   0000000000   A   0   0000000000   A   000000   000000   000000000000000   000000000000000   0000A0000000
 002070   08204921002   10055X1           2   001   180320   00   000000   0   000000000000000   000   000000000000000   000   000000000000000      000000000001545120   000   000000001545120   0   0000000000   A   0   0000000000   A   000000   000000   000000000000000   000000000000000   0000A0000000
 002070   08204921002   18168X1           2   001   180320   00   000000   0   000000000000000   000   000000000000000   000   000000000000000      000000000000848700   000   000000000848700   0   0000000000   A   0   0000000000   A   000000   000000   000000000000000   000000000000000   0000A0000000
 002070   08204921002   56852X1           2   001   180320   00   000000   0   000000000000000   000   000000000000000   000   000000000000000      000000000003789593   000   000000003789593   0   0000000000   A   0   0000000000   A   000000   000000   000000000000000   000000000000000   0000A0000000
 002070   08204921002   10055X1           2   001   180320   00   000000   0   000000000000000   000   000000000000000   000   000000000000000      000000000001545120   000   000000001545120   0   0000000000   A   0   0000000000   A   000000   000000   000000000000000   000000000000000   0000A0000000
 002070   08204921002   18158X1           2   001   180320   00   000000   0   000000000000000   000   000000000000000   000   000000000000000      000000000000928080   000   000000000928080   0   0000000000   A   0   0000000000   A   000000   000000   000000000000000   000000000000000   0000A0000000
 002070   08204921002   56852X1           2   001   180320   00   000000   0   000000000000000   000   000000000000000   000   000000000000000      000000000003789593   000   000000003789593   0   0000000000   A   0   0000000000   A   000000   000000   000000000000000   000000000000000   0000A0000000
 002070   08204921002   55439X1           2   001   180320   00   000000   0   000000000000000   000   000000000000000   000   000000000000000      000000000003723915   000   000000003723915   0   0000000000   A   0   0000000000   A   000000   000000   000000000000000   000000000000000   0000A0000000
 002070   08204921002   29366X1           2   003   180320   00   000000   0   000000000000000   000   000000000000000   000   000000000000000      000000000000488976   000   000000001466929   0   0000000000   A   0   0000000000   A   000000   000000   000000000000000   000000000000000   0000A0000000
 002070   08204921002   58373X1           2   003   180320   00   000000   0   000000000000000   000   000000000000000   000   000000000000000      000000000000353019   000   000000001059056   0   0000000000   A   0   0000000000   A   000000   000000   000000000000000   000000000000000   0000A0000000
 002070   08204921002   32590X1           2   001   180320   00   000000   0   000000000000000   000   000000000000000   000   000000000000000      000000000000671285   000   000000000671285   0   0000000000   A   0   0000000000   A   000000   000000   000000000000000   000000000000000   0000A0000000
 002070   08204921002   DES00026          2   003   180320   00   000000   0   000000000000000   000   000000000000000   000   000000000000000      000000000000047855   000   000000000143564   0   0000000000   A   0   0000000000   A   000000   000000   000000000000000   000000000000000   0000A0000000
 002070   08204921002   53986X1           2   001   180320   00   000000   0   000000000000000   000   000000000000000   000   000000000000000      000000000000238054   000   000000000238054   0   0000000000   A   0   0000000000   A   000000   000000   000000000000000   000000000000000   0000A0000000
 002070   08204921002   DES00026          2   003   180320   00   000000   0   000000000000000   000   000000000000000   000   000000000000000      000000000000047855   000   000000000143564   0   0000000000   A   0   0000000000   A   000000   000000   000000000000000   000000000000000   0000A0000000
 002070   08204921002   53986X1           2   001   180320   00   000000   0   000000000000000   000   000000000000000   000   000000000000000      000000000000238054   000   000000000238054   0   0000000000   A   0   0000000000   A   000000   000000   000000000000000   000000000000000   0000A0000000
 002070   08204921002   58606X1           2   001   180320   00   000000   0   000000000000000   000   000000000000000   000   000000000000000      000000000000433987   000   000000000433987   0   0000000000   A   0   0000000000   A   000000   000000   000000000000000   000000000000000   0000A0000000
 002070   08204921002   DES00026          2   003   190320   00   000000   0   000000000000000   000   000000000000000   000   000000000000000      000000000000047855   000   000000000143564   0   0000000000   A   0   0000000000   A   000000   000000   000000000000000   000000000000000   0000A0000000
 002070   08204921002   53986X1           2   001   190320   00   000000   0   000000000000000   000   000000000000000   000   000000000000000      000000000000238054   000   000000000238054   0   0000000000   A   0   0000000000   A   000000   000000   000000000000000   000000000000000   0000A0000000
 002070   08204921002   51780X1           2   002   190320   00   000000   0   000000000000000   000   000000000000000   000   000000000000000      000000000000161253   000   000000000322506   0   0000000000   A   0   0000000000   A   000000   000000   000000000000000   000000000000000   0000A0000000
 002070   08204921002   45717X1           2   004   190320   00   000000   0   000000000000000   000   000000000000000   000   000000000000000      000000000000032221   000   000000000128884   0   0000000000   A   0   0000000000   A   000000   000000   000000000000000   000000000000000   0000A0000000
 002070   08204921002   18158X1           2   001   190320   00   000000   0   000000000000000   000   000000000000000   000   000000000000000      000000000000928080   000   000000000928080   0   0000000000   A   0   0000000000   A   000000   000000   000000000000000   000000000000000   0000A0000000
 002070   08204921002   56852X1           2   001   190320   00   000000   0   000000000000000   000   000000000000000   000   000000000000000      000000000003789593   000   000000003789593   0   0000000000   A   0   0000000000   A   000000   000000   000000000000000   000000000000000   0000A0000000
 002070   08204921002   55439X1           2   001   190320   00   000000   0   000000000000000   000   000000000000000   000   000000000000000      000000000003723915   000   000000003723915   0   0000000000   A   0   0000000000   A   000000   000000   000000000000000   000000000000000   0000A0000000
 002070   08204921002   29366X1           2   003   190320   00   000000   0   000000000000000   000   000000000000000   000   000000000000000      000000000000488976   000   000000001466929   0   0000000000   A   0   0000000000   A   000000   000000   000000000000000   000000000000000   0000A0000000
 002070   08204921002   58373X1           2   003   190320   00   000000   0   000000000000000   000   000000000000000   000   000000000000000      000000000000353019   000   000000001059056   0   0000000000   A   0   0000000000   A   000000   000000   000000000000000   000000000000000   0000A0000000
 002070   08204921002   45717X1           2   004   190320   00   000000   0   000000000000000   000   000000000000000   000   000000000000000      000000000000032221   000   000000000128884   0   0000000000   A   0   0000000000   A   000000   000000   000000000000000   000000000000000   0000A0000000
 002070   08204921002   51780X1           2   002   190320   00   000000   0   000000000000000   000   000000000000000   000   000000000000000      000000000000161253   000   000000000322506   0   0000000000   A   0   0000000000   A   000000   000000   000000000000000   000000000000000   0000A0000000
 002070   08204921002   DES00084          2   003   190320   00   000000   0   000000000000000   000   000000000000000   000   000000000000000      000000000000320441   000   000000000961322   0   0000000000   A   0   0000000000   A   000000   000000   000000000000000   000000000000000   0000A0000000
 002070   08204921002   55443X1           2   001   190320   00   000000   0   000000000000000   000   000000000000000   000   000000000000000      000000000004765203   000   000000004765203   0   0000000000   A   0   0000000000   A   000000   000000   000000000000000   000000000000000   0000A0000000
 002070   08204921002   51780X1           2   001   190320   00   000000   0   000000000000000   000   000000000000000   000   000000000000000      000000000000161253   000   000000000161253   0   0000000000   A   0   0000000000   A   000000   000000   000000000000000   000000000000000   0000A0000000
 002070   08204921002   DES00017          2   002   190320   00   000000   0   000000000000000   000   000000000000000   000   000000000000000      000000000000382800   000   000000000765601   0   0000000000   A   0   0000000000   A   000000   000000   000000000000000   000000000000000   0000A0000000
 002070   08204921002   DES00040          2   003   190320   00   000000   0   000000000000000   000   000000000000000   000   000000000000000      000000000000381150   000   000000001143450   0   0000000000   A   0   0000000000   A   000000   000000   000000000000000   000000000000000   0000A0000000
 002070   08204921002   DES00051          2   001   190320   00   000000   0   000000000000000   000   000000000000000   000   000000000000000      000000000004095457   000   000000004095457   0   0000000000   A   0   0000000000   A   000000   000000   000000000000000   000000000000000   0000A0000000
 002070   08204921002   DES00056          2   001   190320   00   000000   0   000000000000000   000   000000000000000   000   000000000000000      000000000004095457   000   000000004095457   0   0000000000   A   0   0000000000   A   000000   000000   000000000000000   000000000000000   0000A0000000
 002070   08204921002   3875X1            2   001   190320   00   000000   0   000000000000000   000   000000000000000   000   000000000000000      000000000001510935   000   000000001510935   0   0000000000   A   0   0000000000   A   000000   000000   000000000000000   000000000000000   0000A0000000
 002070   08204921002   DES00026          2   003   190320   00   000000   0   000000000000000   000   000000000000000   000   000000000000000      000000000000047855   000   000000000143564   0   0000000000   A   0   0000000000   A   000000   000000   000000000000000   000000000000000   0000A0000000
 002070   08204921002   53986X1           2   001   190320   00   000000   0   000000000000000   000   000000000000000   000   000000000000000      000000000000238054   000   000000000238054   0   0000000000   A   0   0000000000   A   000000   000000   000000000000000   000000000000000   0000A0000000
 002070   08204921002   28659X1           2   001   190320   00   000000   0   000000000000000   000   000000000000000   000   000000000000000      000000000000998332   000   000000000998332   0   0000000000   A   0   0000000000   A   000000   000000   000000000000000   000000000000000   0000A0000000
 002070   08204921002   53986X1           2   001   200320   00   000000   0   000000000000000   000   000000000000000   000   000000000000000      000000000000238054   000   000000000238054   0   0000000000   A   0   0000000000   A   000000   000000   000000000000000   000000000000000   0000A0000000
 002070   08204921002   56852X1           2   001   200320   00   000000   0   000000000000000   000   000000000000000   000   000000000000000      000000000003789593   000   000000003789593   0   0000000000   A   0   0000000000   A   000000   000000   000000000000000   000000000000000   0000A0000000
 002070   08204921002   18158X1           2   001   200320   00   000000   0   000000000000000   000   000000000000000   000   000000000000000      000000000000928080   000   000000000928080   0   0000000000   A   0   0000000000   A   000000   000000   000000000000000   000000000000000   0000A0000000
 002070   08204921002   22583X1           2   001   200320   00   000000   0   000000000000000   000   000000000000000   000   000000000000000      000000000002016436   000   000000002016436   0   0000000000   A   0   0000000000   A   000000   000000   000000000000000   000000000000000   0000A0000000
 002070   08204921002   18158X1           2   001   200320   00   000000   0   000000000000000   000   000000000000000   000   000000000000000      000000000000928080   000   000000000928080   0   0000000000   A   0   0000000000   A   000000   000000   000000000000000   000000000000000   0000A0000000
 002070   08204921002   55439X1           2   001   200320   00   000000   0   000000000000000   000   000000000000000   000   000000000000000      000000000003723915   000   000000003723915   0   0000000000   A   0   0000000000   A   000000   000000   000000000000000   000000000000000   0000A0000000
 002070   08204921002   29366X1           2   003   200320   00   000000   0   000000000000000   000   000000000000000   000   000000000000000      000000000000488976   000   000000001466929   0   0000000000   A   0   0000000000   A   000000   000000   000000000000000   000000000000000   0000A0000000
 002070   08204921002   58373X1           2   003   200320   00   000000   0   000000000000000   000   000000000000000   000   000000000000000      000000000000353019   000   000000001059056   0   0000000000   A   0   0000000000   A   000000   000000   000000000000000   000000000000000   0000A0000000
 002070   08204921002   45717X1           2   004   200320   00   000000   0   000000000000000   000   000000000000000   000   000000000000000      000000000000032221   000   000000000128884   0   0000000000   A   0   0000000000   A   000000   000000   000000000000000   000000000000000   0000A0000000
 002070   08204921002   51780X1           2   003   200320   00   000000   0   000000000000000   000   000000000000000   000   000000000000000      000000000000161253   000   000000000483759   0   0000000000   A   0   0000000000   A   000000   000000   000000000000000   000000000000000   0000A0000000
 002070   08204921002   45332X1           2   004   200320   00   000000   0   000000000000000   000   000000000000000   000   000000000000000      000000000001517451   000   000000006069805   0   0000000000   A   0   0000000000   A   000000   000000   000000000000000   000000000000000   0000A0000000
 002070   08204921002   58606X1           2   003   200320   00   000000   0   000000000000000   000   000000000000000   000   000000000000000      000000000000433987   000   000000001301962   0   0000000000   A   0   0000000000   A   000000   000000   000000000000000   000000000000000   0000A0000000
 002070   08204921002   DES00026          2   003   200320   00   000000   0   000000000000000   000   000000000000000   000   000000000000000      000000000000047855   000   000000000143564   0   0000000000   A   0   0000000000   A   000000   000000   000000000000000   000000000000000   0000A0000000
 002070   08204921002   DES00051          2   001   200320   00   000000   0   000000000000000   000   000000000000000   000   000000000000000      000000000004095457   000   000000004095457   0   0000000000   A   0   0000000000   A   000000   000000   000000000000000   000000000000000   0000A0000000
 002070   08204921002   DES00055          2   001   200320   00   000000   0   000000000000000   000   000000000000000   000   000000000000000      000000000001184071   000   000000001184071   0   0000000000   A   0   0000000000   A   000000   000000   000000000000000   000000000000000   0000A0000000
 002070   08204921002   53986X1           2   001   200320   00   000000   0   000000000000000   000   000000000000000   000   000000000000000      000000000000238054   000   000000000238054   0   0000000000   A   0   0000000000   A   000000   000000   000000000000000   000000000000000   0000A0000000
 002070   08204921002   58606X1           2   001   200320   00   000000   0   000000000000000   000   000000000000000   000   000000000000000      000000000000433987   000   000000000433987   0   0000000000   A   0   0000000000   A   000000   000000   000000000000000   000000000000000   0000A0000000
 002070   08204921002   53986X1           2   001   200320   00   000000   0   000000000000000   000   000000000000000   000   000000000000000      000000000000238054   000   000000000238054   0   0000000000   A   0   0000000000   A   000000   000000   000000000000000   000000000000000   0000A0000000
 002070   00000000000   29366X1           2   001   200320   00   000000   0   000000000000000   000   000000000000000   000   000000000000000      000000000000488976   000   000000000488976   0   0000000000   A   0   0000000000   A   000000   000000   000000000000000   000000000000000   0000A0000000
 002070   00000000000   DES00016          2   001   200320   00   000000   0   000000000000000   000   000000000000000   000   000000000000000      000000000000382801   000   000000000382801   0   0000000000   A   0   0000000000   A   000000   000000   000000000000000   000000000000000   0000A0000000
 002070   00000000000   58606X1           2   001   200320   00   000000   0   000000000000000   000   000000000000000   000   000000000000000      000000000000433987   000   000000000433987   0   0000000000   A   0   0000000000   A   000000   000000   000000000000000   000000000000000   0000A0000000
 002070   00000000000   DES00040          2   001   200320   00   000000   0   000000000000000   000   000000000000000   000   000000000000000      000000000000381150   000   000000000381150   0   0000000000   A   0   0000000000   A   000000   000000   000000000000000   000000000000000   0000A0000000
 002070   00000000000   DES00045          2   001   200320   00   000000   0   000000000000000   000   000000000000000   000   000000000000000      000000000000168489   000   000000000168489   0   0000000000   A   0   0000000000   A   000000   000000   000000000000000   000000000000000   0000A0000000
 002070   00000000000   DES00054          2   001   200320   00   000000   0   000000000000000   000   000000000000000   000   000000000000000      000000000000381150   000   000000000381150   0   0000000000   A   0   0000000000   A   000000   000000   000000000000000   000000000000000   0000A0000000
 002070   00000000000   49924X1           2   001   200320   00   000000   0   000000000000000   000   000000000000000   000   000000000000000      000000000001412419   000   000000001412419   0   0000000000   A   0   0000000000   A   000000   000000   000000000000000   000000000000000   0000A0000000
 002070   00000000000   55439X1           2   001   200320   00   000000   0   000000000000000   000   000000000000000   000   000000000000000      000000000003723915   000   000000003723915   0   0000000000   A   0   0000000000   A   000000   000000   000000000000000   000000000000000   0000A0000000
 002070   00000000000   53986X1           2   001   200320   00   000000   0   000000000000000   000   000000000000000   000   000000000000000      000000000000238054   000   000000000238054   0   0000000000   A   0   0000000000   A   000000   000000   000000000000000   000000000000000   0000A0000000
 002070   00000000000   55439X1           2   003   200320   00   000000   0   000000000000000   000   000000000000000   000   000000000000000      000000000003723915   000   000000011171744   0   0000000000   A   0   0000000000   A   000000   000000   000000000000000   000000000000000   0000A0000000
 002070   00000000000   29366X1           2   003   200320   00   000000   0   000000000000000   000   000000000000000   000   000000000000000      000000000000488976   000   000000001466929   0   0000000000   A   0   0000000000   A   000000   000000   000000000000000   000000000000000   0000A0000000
 002070   00000000000   58606X1           2   003   200320   00   000000   0   000000000000000   000   000000000000000   000   000000000000000      000000000000433987   000   000000001301962   0   0000000000   A   0   0000000000   A   000000   000000   000000000000000   000000000000000   0000A0000000
 002070   00000000000   21630X1           2   002   200320   00   000000   0   000000000000000   000   000000000000000   000   000000000000000      000000000006303480   000   000000012606959   0   0000000000   A   0   0000000000   A   000000   000000   000000000000000   000000000000000   0000A0000000
 002070   00000000000   54589X1           2   004   200320   00   000000   0   000000000000000   000   000000000000000   000   000000000000000      000000000009493052   000   000000037972210   0   0000000000   A   0   0000000000   A   000000   000000   000000000000000   000000000000000   0000A0000000
 002070   00000000000   56867X1           2   002   200320   00   000000   0   000000000000000   000   000000000000000   000   000000000000000      000000000003538344   000   000000007076689   0   0000000000   A   0   0000000000   A   000000   000000   000000000000000   000000000000000   0000A0000000
 002070   00000000000   DES00040          2   001   200320   00   000000   0   000000000000000   000   000000000000000   000   000000000000000      000000000000381150   000   000000000381150   0   0000000000   A   0   0000000000   A   000000   000000   000000000000000   000000000000000   0000A0000000
 002070   00000000000   DES00055          2   001   200320   00   000000   0   000000000000000   000   000000000000000   000   000000000000000      000000000001184071   000   000000001184071   0   0000000000   A   0   0000000000   A   000000   000000   000000000000000   000000000000000   0000A0000000
 002070   00000000000   DES00040          2   001   200320   00   000000   0   000000000000000   000   000000000000000   000   000000000000000      000000000000381150   000   000000000381150   0   0000000000   A   0   0000000000   A   000000   000000   000000000000000   000000000000000   0000A0000000
 002070   00000000000   DES00045          2   001   200320   00   000000   0   000000000000000   000   000000000000000   000   000000000000000      000000000000168489   000   000000000168489   0   0000000000   A   0   0000000000   A   000000   000000   000000000000000   000000000000000   0000A0000000
 002070   00000000000   DES00047          2   001   200320   00   000000   0   000000000000000   000   000000000000000   000   000000000000000      000000000004095457   000   000000004095457   0   0000000000   A   0   0000000000   A   000000   000000   000000000000000   000000000000000   0000A0000000
 002070   08204921002   53986X1           2   001   210320   00   000000   0   000000000000000   000   000000000000000   000   000000000000000      000000000000238054   000   000000000238054   0   0000000000   A   0   0000000000   A   000000   000000   000000000000000   000000000000000   0000A0000000
 002070   00000000000   55439X1           2   006   210320   00   000000   0   000000000000000   000   000000000000000   000   000000000000000      000000000003723915   000   000000022343488   0   0000000000   A   0   0000000000   A   000000   000000   000000000000000   000000000000000   0000A0000000
 002070   00000000000   29366X1           2   005   210320   00   000000   0   000000000000000   000   000000000000000   000   000000000000000      000000000000488976   000   000000002444882   0   0000000000   A   0   0000000000   A   000000   000000   000000000000000   000000000000000   0000A0000000
 002070   00000000000   58606X1           2   004   210320   00   000000   0   000000000000000   000   000000000000000   000   000000000000000      000000000000433987   000   000000001735949   0   0000000000   A   0   0000000000   A   000000   000000   000000000000000   000000000000000   0000A0000000
 002070   00000000000   21630X1           2   004   210320   00   000000   0   000000000000000   000   000000000000000   000   000000000000000      000000000006303480   000   000000025213918   0   0000000000   A   0   0000000000   A   000000   000000   000000000000000   000000000000000   0000A0000000
 002070   00000000000   56867X1           2   004   210320   00   000000   0   000000000000000   000   000000000000000   000   000000000000000      000000000003538344   000   000000014153378   0   0000000000   A   0   0000000000   A   000000   000000   000000000000000   000000000000000   0000A0000000
 002070   00000000000   54589X1           2   008   210320   00   000000   0   000000000000000   000   000000000000000   000   000000000000000      000000000009493052   000   000000075944419   0   0000000000   A   0   0000000000   A   000000   000000   000000000000000   000000000000000   0000A0000000
 002070   00000000000   55439X1           2   002   210320   00   000000   0   000000000000000   000   000000000000000   000   000000000000000      000000000003723914   000   000000007447829   0   0000000000   A   0   0000000000   A   000000   000000   000000000000000   000000000000000   0000A0000000
 002070   08204921002   DES00026          2   003   210320   00   000000   0   000000000000000   000   000000000000000   000   000000000000000      000000000000047855   000   000000000143564   0   0000000000   A   0   0000000000   A   000000   000000   000000000000000   000000000000000   0000A0000000
 002070   08204921002   53986X1           2   001   210320   00   000000   0   000000000000000   000   000000000000000   000   000000000000000      000000000000238054   000   000000000238054   0   0000000000   A   0   0000000000   A   000000   000000   000000000000000   000000000000000   0000A0000000
 002070   00000000000   53986X1           2   001   220320   00   000000   0   000000000000000   000   000000000000000   000   000000000000000      000000000000238054   000   000000000238054   0   0000000000   A   0   0000000000   A   000000   000000   000000000000000   000000000000000   0000A0000000
 002070   00000000000   29366X1           2   001   230320   00   000000   0   000000000000000   000   000000000000000   000   000000000000000      000000000000488976   000   000000000488976   0   0000000000   A   0   0000000000   A   000000   000000   000000000000000   000000000000000   0000A0000000
 002070   00000000000   58606X1           2   001   230320   00   000000   0   000000000000000   000   000000000000000   000   000000000000000      000000000000433987   000   000000000433987   0   0000000000   A   0   0000000000   A   000000   000000   000000000000000   000000000000000   0000A0000000
 002070   00000000000   21630X1           2   001   230320   00   000000   0   000000000000000   000   000000000000000   000   000000000000000      000000000006303479   000   000000006303479   0   0000000000   A   0   0000000000   A   000000   000000   000000000000000   000000000000000   0000A0000000
 002070   00000000000   54589X1           2   002   230320   00   000000   0   000000000000000   000   000000000000000   000   000000000000000      000000000009493052   000   000000018986105   0   0000000000   A   0   0000000000   A   000000   000000   000000000000000   000000000000000   0000A0000000
 002070   00000000000   55439X1           2   001   230320   00   000000   0   000000000000000   000   000000000000000   000   000000000000000      000000000003723915   000   000000003723915   0   0000000000   A   0   0000000000   A   000000   000000   000000000000000   000000000000000   0000A0000000
 002070   00000000000   DES00017          2   001   230320   00   000000   0   000000000000000   000   000000000000000   000   000000000000000      000000000000382801   000   000000000382801   0   0000000000   A   0   0000000000   A   000000   000000   000000000000000   000000000000000   0000A0000000
 002070   00000000000   DES00054          2   001   230320   00   000000   0   000000000000000   000   000000000000000   000   000000000000000      000000000000381150   000   000000000381150   0   0000000000   A   0   0000000000   A   000000   000000   000000000000000   000000000000000   0000A0000000
 002070   61613606303   29366X1           2   001   260320   00   000000   0   000000000000000   000   000000000000000   000   000000000000000      000000000000488976   000   000000000488976   0   0000000000   A   0   0000000000   A   000000   000000   000000000000000   000000000000000   0000A0000000
 002070   61613606303   58606X1           2   001   260320   00   000000   0   000000000000000   000   000000000000000   000   000000000000000      000000000000433987   000   000000000433987   0   0000000000   A   0   0000000000   A   000000   000000   000000000000000   000000000000000   0000A0000000
 002070   63008261701   55439X1           2   002   300320   00   000000   0   000000000000000   000   000000000000000   000   000000000000000      000000000003723914   000   000000007447829   0   0000000000   A   0   0000000000   A   000000   000000   000000000000000   000000000000000   0000A0000000
 002070   63008261701   DES00055          2   001   300320   00   000000   0   000000000000000   000   000000000000000   000   000000000000000      000000000001184071   000   000000001184071   0   0000000000   A   0   0000000000   A   000000   000000   000000000000000   000000000000000   0000A0000000
 002070   63008261701   58606X1           2   003   300320   00   000000   0   000000000000000   000   000000000000000   000   000000000000000      000000000000433987   000   000000001301962   0   0000000000   A   0   0000000000   A   000000   000000   000000000000000   000000000000000   0000A0000000
 002070   63008261701   32583X1           2   002   300320   00   000000   0   000000000000000   000   000000000000000   000   000000000000000      000000000000747276   000   000000001494551   0   0000000000   A   0   0000000000   A   000000   000000   000000000000000   000000000000000   0000A0000000
 002070   63008261701   29366X1           2   002   300320   00   000000   0   000000000000000   000   000000000000000   000   000000000000000      000000000000488976   000   000000000977953   0   0000000000   A   0   0000000000   A   000000   000000   000000000000000   000000000000000   0000A0000000
 002070   63008261701   40316X1           2   002   300320   00   000000   0   000000000000000   000   000000000000000   000   000000000000000      000000000013194070   000   000000026388140   0   0000000000   A   0   0000000000   A   000000   000000   000000000000000   000000000000000   0000A0000000
 002070   63008261701   DES00040          2   001   300320   00   000000   0   000000000000000   000   000000000000000   000   000000000000000      000000000000381150   000   000000000381150   0   0000000000   A   0   0000000000   A   000000   000000   000000000000000   000000000000000   0000A0000000
 002070   63008261701   DES00045          2   001   300320   00   000000   0   000000000000000   000   000000000000000   000   000000000000000      000000000000168489   000   000000000168489   0   0000000000   A   0   0000000000   A   000000   000000   000000000000000   000000000000000   0000A0000000
 002070   63008261701   18168X1           2   001   310320   00   000000   0   000000000000000   000   000000000000000   000   000000000000000      000000000000848700   000   000000000848700   0   0000000000   A   0   0000000000   A   000000   000000   000000000000000   000000000000000   0000A0000000
 002070   63008261701   170101            2   001   020320   00   000000   0   000000000794314   000   000000000000000   000   000000000000000      000000000000000000   000   000000000794314   0   0000000000   A   0   0000000000   A   000000   000000   000000000000000   000000000000000   0000A0000000
 002070   63008261701   250181            2   003   020320   00   000000   0   000000000532135   000   000000000000000   000   000000000000000      000000000000000000   000   000000001596405   0   0000000000   A   0   0000000000   A   000000   000000   000000000000000   000000000000000   0000A0000000
 002070   63008261701   250181            2   003   020320   00   000000   0   000000000532135   000   000000000000000   000   000000000000000      000000000000000000   000   000000001596405   0   0000000000   A   0   0000000000   A   000000   000000   000000000000000   000000000000000   0000A0000000
 002070   63008261701   250181            2   001   020320   00   000000   0   000000000532135   000   000000000000000   000   000000000000000      000000000000000000   000   000000000532135   0   0000000000   A   0   0000000000   A   000000   000000   000000000000000   000000000000000   0000A0000000
 002070   08204921002   430760            2   006   130320   00   000000   0   000000000000000   000   000000000000000   000   000000000000000      000000000000561270   000   000000003367620   0   0000000000   A   0   0000000000   A   000000   000000   000000000000000   000000000000000   0000A0000000
 002070   08204921002   250181            2   012   130320   00   000000   0   000000000532135   000   000000000000000   000   000000000000000      000000000000000000   000   000000006385620   0   0000000000   A   0   0000000000   A   000000   000000   000000000000000   000000000000000   0000A0000000
 002070   08204921002   170101            2   007   130320   00   000000   0   000000000794314   000   000000000000000   000   000000000000000      000000000000000000   000   000000005560198   0   0000000000   A   0   0000000000   A   000000   000000   000000000000000   000000000000000   0000A0000000
 002070   08204921002   250181            2   003   150320   00   000000   0   000000000532135   000   000000000000000   000   000000000000000      000000000000000000   000   000000001596405   0   0000000000   A   0   0000000000   A   000000   000000   000000000000000   000000000000000   0000A0000000
 002070   08204921002   070112            2   001   200320   00   000000   0   000000000000001   000   000000000000000   000   000000000000000      000000000113555980   000   000000113555981   0   0000000000   A   0   0000000000   A   000000   000000   000000000000000   000000000000000   0000A0000000
 002070   00000000000   420303            2   001   200320   00   000000   0   000000000000000   000   000000000000000   000   000000000000000      000000000001267979   000   000000001267979   0   0000000000   A   0   0000000000   A   000000   000000   000000000000000   000000000000000   0000A0000000
 002070   00000000000   170101            2   001   200320   00   000000   0   000000000794314   000   000000000000000   000   000000000000000      000000000000000000   000   000000000794314   0   0000000000   A   0   0000000000   A   000000   000000   000000000000000   000000000000000   0000A0000000
