 002070   61375233201   430171            2   026   010720   00   000000   0   000000000000000   000   000000000000000   000   000000000000000      000000000024476285   000   000000024476285   0   0000000000   A   0   0000000000   A   000000   000000   000000000000000   000000000000000   0000A0000000
 002070   61351556001   430171            2   002   070726   00   000000   0   000000000000000   000   000000000000000   000   000000000000000      000000000024476285   000   000000048952570   0   0000000000   A   0   0000000000   A   000000   000000   000000000000000   000000000000000   0000A0000000
 002070   61656323901   430171            2   002   070726   00   000000   0   000000000000000   000   000000000000000   000   000000000000000      000000000024476285   000   000000048952570   0   0000000000   A   0   0000000000   A   000000   000000   000000000000000   000000000000000   0000A0000000
 002070   63156210801   430185            2   001   200726   00   000000   0   000000000000000   000   000000000000000   000   000000000000000      000000000008620060   000   000000008620060   0   0000000000   A   0   0000000000   A   000000   000000   000000000000000   000000000000000   0000A0000000
 002070   35202973101   400101            2   001   280726   00   000000   0   000000000000000   000   000000000000000   000   000000000000000      000000000040483240   000   000000040483240   0   0000000000   A   0   0000000000   A   000000   000000   000000000000000   000000000000000   0000A0000000
 002070   35202973101   430171            2   001   290726   00   000000   0   000000000000000   000   000000000000000   000   000000000000000      000000000024476285   000   000000024476285   0   0000000000   A   0   0000000000   A   000000   000000   000000000000000   000000000000000   0000A0000000
 002070   61375233201   121003            2   001   010726   00   000000   0   000000000000000   000   000000000000000   000   000000000000000      000000000061556664   000   000000061556664   0   0000000000   A   0   0000000000   A   000000   000000   000000000000000   000000000000000   0000A0000000
 002070   61375233201   431101            2   001   010726   00   000000   0   000000000000000   000   000000000000000   000   000000000000000      000000000001241295   000   000000001241295   0   0000000000   A   0   0000000000   A   000000   000000   000000000000000   000000000000000   0000A0000000
 002070   61351556001   121001            2   001   070726   00   000000   0   000000000000000   000   000000000000000   000   000000000000000      000000000061556664   000   000000061556664   0   0000000000   A   0   0000000000   A   000000   000000   000000000000000   000000000000000   0000A0000000
 002070   61338087703   121102            2   001   140726   00   000000   0   000000000000000   000   000000000000000   000   000000000000000      000000000070237732   000   000000070237732   0   0000000000   A   0   0000000000   A   000000   000000   000000000000000   000000000000000   0000A0000000
 002070   61338087703   431101            2   001   140726   00   000000   0   000000000000000   000   000000000000000   000   000000000000000      000000000001241295   000   000000001241295   0   0000000000   A   0   0000000000   A   000000   000000   000000000000000   000000000000000   0000A0000000
 002070   35202973101   080206            2   001   280726   00   000000   0   000000000000000   000   000000000000000   000   000000000000000      000000000044391825   000   000000044391825   0   0000000000   A   0   0000000000   A   000000   000000   000000000000000   000000000000000   0000A0000000
 002070   35202973101   431101            2   001   280726   00   000000   0   000000000000000   000   000000000000000   000   000000000000000      000000000001241295   000   000000001241295   0   0000000000   A   0   0000000000   A   000000   000000   000000000000000   000000000000000   0000A0000000
 002070   61375233201   930306            2   001   010726   00   000000   0   000000000000000   000   000000000000000   000   000000000000000      000000000001915268   000   000000001915268   0   0000000000   A   0   0000000000   A   000000   000000   000000000000000   000000000000000   0000A0000000
 002070   61375233201   930306            2   001   010726   00   000000   0   000000000000000   000   000000000000000   000   000000000000000      000000000010799428   000   000000010799428   0   0000000000   A   0   0000000000   A   000000   000000   000000000000000   000000000000000   0000A0000000
 002070   61375233201   930306            2   001   010726   00   000000   0   000000000000000   000   000000000000000   000   000000000000000      000000000002026125   000   000000002026125   0   0000000000   A   0   0000000000   A   000000   000000   000000000000000   000000000000000   0000A0000000
 002070   61375233201   020172            2   002   010726   00   000000   0   000000000000000   000   000000000000000   000   000000000000000      000000000003489090   000   000000006978181   0   0000000000   A   0   0000000000   A   000000   000000   000000000000000   000000000000000   0000A0000000
 002070   61375233201   015670            2   001   010726   00   000000   0   000000000000000   000   000000000000000   000   000000000000000      000000000002514970   000   000000002514970   0   0000000000   A   0   0000000000   A   000000   000000   000000000000000   000000000000000   0000A0000000
 002070   61375233201   018163            2   001   010726   00   000000   0   000000000000000   000   000000000000000   000   000000000000000      000000000001553400   000   000000001553400   0   0000000000   A   0   0000000000   A   000000   000000   000000000000000   000000000000000   0000A0000000
 002070   61375233201   014916            2   075   010726   00   000000   0   000000000000000   000   000000000000000   000   000000000000000      000000000000193053   000   000000014478952   0   0000000000   A   0   0000000000   A   000000   000000   000000000000000   000000000000000   0000A0000000
 002070   61375233201   053175            2   005   010726   00   000000   0   000000000000000   000   000000000000000   000   000000000000000      000000000004058997   000   000000020294986   0   0000000000   A   0   0000000000   A   000000   000000   000000000000000   000000000000000   0000A0000000
 002070   61375233201   049941            2   002   010726   00   000000   0   000000000000000   000   000000000000000   000   000000000000000      000000000002036306   000   000000004072612   0   0000000000   A   0   0000000000   A   000000   000000   000000000000000   000000000000000   0000A0000000
 002070   61375233201   019428            2   001   010726   00   000000   0   000000000000000   000   000000000000000   000   000000000000000      000000000000454114   000   000000000454114   0   0000000000   A   0   0000000000   A   000000   000000   000000000000000   000000000000000   0000A0000000
 002070   61375233201   024577            2   001   010726   00   000000   0   000000000000000   000   000000000000000   000   000000000000000      000000000000432824   000   000000000432824   0   0000000000   A   0   0000000000   A   000000   000000   000000000000000   000000000000000   0000A0000000
 002070   61375233201   060196            2   001   010726   00   000000   0   000000000000000   000   000000000000000   000   000000000000000      000000000001740058   000   000000001740058   0   0000000000   A   0   0000000000   A   000000   000000   000000000000000   000000000000000   0000A0000000
 002070   61375233201   058689            2   001   010726   00   000000   0   000000000000000   000   000000000000000   000   000000000000000      000000000003789454   000   000000003789454   0   0000000000   A   0   0000000000   A   000000   000000   000000000000000   000000000000000   0000A0000000
 002070   61375233201   045332            2   002   010726   00   000000   0   000000000000000   000   000000000000000   000   000000000000000      000000000001737178   000   000000003474356   0   0000000000   A   0   0000000000   A   000000   000000   000000000000000   000000000000000   0000A0000000
 002070   61375233201   034031            2   001   010726   00   000000   0   000000000000000   000   000000000000000   000   000000000000000      000000000001206392   000   000000001206392   0   0000000000   A   0   0000000000   A   000000   000000   000000000000000   000000000000000   0000A0000000
 002070   61375233201   033647            2   002   010726   00   000000   0   000000000000000   000   000000000000000   000   000000000000000      000000000000332682   000   000000000665363   0   0000000000   A   0   0000000000   A   000000   000000   000000000000000   000000000000000   0000A0000000
 002070   61375233201   058606            2   002   010726   00   000000   0   000000000000000   000   000000000000000   000   000000000000000      000000000000487627   000   000000000975254   0   0000000000   A   0   0000000000   A   000000   000000   000000000000000   000000000000000   0000A0000000
 002070   61375233201   058373            2   001   010726   00   000000   0   000000000000000   000   000000000000000   000   000000000000000      000000000000389168   000   000000000389168   0   0000000000   A   0   0000000000   A   000000   000000   000000000000000   000000000000000   0000A0000000
 002070   61375233201   024104            2   001   010726   00   000000   0   000000000000000   000   000000000000000   000   000000000000000      000000000003652110   000   000000003652110   0   0000000000   A   0   0000000000   A   000000   000000   000000000000000   000000000000000   0000A0000000
 002070   61375233201   049924            2   002   010726   00   000000   0   000000000000000   000   000000000000000   000   000000000000000      000000000001412418   000   000000002824837   0   0000000000   A   0   0000000000   A   000000   000000   000000000000000   000000000000000   0000A0000000
 002070   61375233201   018910            2   004   010726   00   000000   0   000000000000000   000   000000000000000   000   000000000000000      000000000001833258   000   000000007333034   0   0000000000   A   0   0000000000   A   000000   000000   000000000000000   000000000000000   0000A0000000
 002070   61375233201   930306            2   005   010726   00   000000   0   000000000000000   000   000000000000000   000   000000000000000      000000000000047855   000   000000000239274   0   0000000000   A   0   0000000000   A   000000   000000   000000000000000   000000000000000   0000A0000000
 002070   61375233201   930306            2   001   010726   00   000000   0   000000000000000   000   000000000000000   000   000000000000000      000000000002472750   000   000000002472750   0   0000000000   A   0   0000000000   A   000000   000000   000000000000000   000000000000000   0000A0000000
 002070   61375233201   930306            2   001   010726   00   000000   0   000000000000000   000   000000000000000   000   000000000000000      000000000003420873   000   000000003420873   0   0000000000   A   0   0000000000   A   000000   000000   000000000000000   000000000000000   0000A0000000
 002070   61351556001   057998            2   001   070726   00   000000   0   000000000000000   000   000000000000000   000   000000000000000      000000000000683196   000   000000000683196   0   0000000000   A   0   0000000000   A   000000   000000   000000000000000   000000000000000   0000A0000000
 002070   61351556001   015010            2   002   070726   00   000000   0   000000000000000   000   000000000000000   000   000000000000000      000000000001813500   000   000000003627000   0   0000000000   A   0   0000000000   A   000000   000000   000000000000000   000000000000000   0000A0000000
 002070   61351556001   034031            2   001   070726   00   000000   0   000000000000000   000   000000000000000   000   000000000000000      000000000001206392   000   000000001206392   0   0000000000   A   0   0000000000   A   000000   000000   000000000000000   000000000000000   0000A0000000
 002070   61351556001   058606            2   001   070726   00   000000   0   000000000000000   000   000000000000000   000   000000000000000      000000000000487627   000   000000000487627   0   0000000000   A   0   0000000000   A   000000   000000   000000000000000   000000000000000   0000A0000000
 002070   61351556001   018164            2   001   070726   00   000000   0   000000000000000   000   000000000000000   000   000000000000000      000000000001828800   000   000000001828800   0   0000000000   A   0   0000000000   A   000000   000000   000000000000000   000000000000000   0000A0000000
 002070   61351556001   053175            2   006   070726   00   000000   0   000000000000000   000   000000000000000   000   000000000000000      000000000004058997   000   000000024353984   0   0000000000   A   0   0000000000   A   000000   000000   000000000000000   000000000000000   0000A0000000
 002070   61351556001   049941            2   002   070726   00   000000   0   000000000000000   000   000000000000000   000   000000000000000      000000000002036306   000   000000004072612   0   0000000000   A   0   0000000000   A   000000   000000   000000000000000   000000000000000   0000A0000000
 002070   61351556001   024577            2   001   070726   00   000000   0   000000000000000   000   000000000000000   000   000000000000000      000000000000432824   000   000000000432824   0   0000000000   A   0   0000000000   A   000000   000000   000000000000000   000000000000000   0000A0000000
 002070   61351556001   060196            2   001   070726   00   000000   0   000000000000000   000   000000000000000   000   000000000000000      000000000001740058   000   000000001740058   0   0000000000   A   0   0000000000   A   000000   000000   000000000000000   000000000000000   0000A0000000
 002070   61351556001   031837            2   001   070726   00   000000   0   000000000000000   000   000000000000000   000   000000000000000      000000000001345371   000   000000001345371   0   0000000000   A   0   0000000000   A   000000   000000   000000000000000   000000000000000   0000A0000000
 002070   61351556001   045332            2   002   070726   00   000000   0   000000000000000   000   000000000000000   000   000000000000000      000000000001737178   000   000000003474356   0   0000000000   A   0   0000000000   A   000000   000000   000000000000000   000000000000000   0000A0000000
 002070   61351556001   930306            2   005   070726   00   000000   0   000000000000000   000   000000000000000   000   000000000000000      000000000000047855   000   000000000239274   0   0000000000   A   0   0000000000   A   000000   000000   000000000000000   000000000000000   0000A0000000
 002070   61351556001   930306            2   001   070726   00   000000   0   000000000000000   000   000000000000000   000   000000000000000      000000000002472750   000   000000002472750   0   0000000000   A   0   0000000000   A   000000   000000   000000000000000   000000000000000   0000A0000000
 002070   61351556001   930306            2   001   070726   00   000000   0   000000000000000   000   000000000000000   000   000000000000000      000000000003420873   000   000000003420873   0   0000000000   A   0   0000000000   A   000000   000000   000000000000000   000000000000000   0000A0000000
 002070   61338087703   930306            2   001   140726   00   000000   0   000000000000000   000   000000000000000   000   000000000000000      000000000004410001   000   000000004410001   0   0000000000   A   0   0000000000   A   000000   000000   000000000000000   000000000000000   0000A0000000
 002070   61338087703   930306            2   001   140726   00   000000   0   000000000000000   000   000000000000000   000   000000000000000      000000000023940001   000   000000023940001   0   0000000000   A   0   0000000000   A   000000   000000   000000000000000   000000000000000   0000A0000000
 002070   61338087703   020172            2   001   140726   00   000000   0   000000000000000   000   000000000000000   000   000000000000000      000000000003489090   000   000000003489090   0   0000000000   A   0   0000000000   A   000000   000000   000000000000000   000000000000000   0000A0000000
 002070   61338087703   011929            2   001   140726   00   000000   0   000000000000000   000   000000000000000   000   000000000000000      000000000002598740   000   000000002598740   0   0000000000   A   0   0000000000   A   000000   000000   000000000000000   000000000000000   0000A0000000
 002070   61338087703   012369            2   001   140726   00   000000   0   000000000000000   000   000000000000000   000   000000000000000      000000000001760972   000   000000001760972   0   0000000000   A   0   0000000000   A   000000   000000   000000000000000   000000000000000   0000A0000000
 002070   61338087703   018163            2   001   140726   00   000000   0   000000000000000   000   000000000000000   000   000000000000000      000000000001553400   000   000000001553400   0   0000000000   A   0   0000000000   A   000000   000000   000000000000000   000000000000000   0000A0000000
 002070   61338087703   058689            2   004   140726   00   000000   0   000000000000000   000   000000000000000   000   000000000000000      000000000003789454   000   000000015157818   0   0000000000   A   0   0000000000   A   000000   000000   000000000000000   000000000000000   0000A0000000
 002070   61338087703   053175            2   003   140726   00   000000   0   000000000000000   000   000000000000000   000   000000000000000      000000000004058997   000   000000012176992   0   0000000000   A   0   0000000000   A   000000   000000   000000000000000   000000000000000   0000A0000000
 002070   61338087703   049941            2   001   140726   00   000000   0   000000000000000   000   000000000000000   000   000000000000000      000000000002036306   000   000000002036306   0   0000000000   A   0   0000000000   A   000000   000000   000000000000000   000000000000000   0000A0000000
 002070   61338087703   930306            2   001   140726   00   000000   0   000000000000000   000   000000000000000   000   000000000000000      000000000001915268   000   000000001915268   0   0000000000   A   0   0000000000   A   000000   000000   000000000000000   000000000000000   0000A0000000
 002070   61338087703   051241            2   001   140726   00   000000   0   000000000000000   000   000000000000000   000   000000000000000      000000000003327969   000   000000003327969   0   0000000000   A   0   0000000000   A   000000   000000   000000000000000   000000000000000   0000A0000000
 002070   61338087703   052001            2   001   140726   00   000000   0   000000000000000   000   000000000000000   000   000000000000000      000000000003456981   000   000000003456981   0   0000000000   A   0   0000000000   A   000000   000000   000000000000000   000000000000000   0000A0000000
 002070   61338087703   014916            2   010   140726   00   000000   0   000000000000000   000   000000000000000   000   000000000000000      000000000000193053   000   000000001930527   0   0000000000   A   0   0000000000   A   000000   000000   000000000000000   000000000000000   0000A0000000
 002070   61338087703   032583            2   001   140726   00   000000   0   000000000000000   000   000000000000000   000   000000000000000      000000000000747275   000   000000000747275   0   0000000000   A   0   0000000000   A   000000   000000   000000000000000   000000000000000   0000A0000000
 002070   61338087703   058689            2   001   140726   00   000000   0   000000000000000   000   000000000000000   000   000000000000000      000000000003789454   000   000000003789454   0   0000000000   A   0   0000000000   A   000000   000000   000000000000000   000000000000000   0000A0000000
 002070   61338087703   045332            2   002   140726   00   000000   0   000000000000000   000   000000000000000   000   000000000000000      000000000001737178   000   000000003474356   0   0000000000   A   0   0000000000   A   000000   000000   000000000000000   000000000000000   0000A0000000
 002070   61338087703   034031            2   001   140726   00   000000   0   000000000000000   000   000000000000000   000   000000000000000      000000000001206392   000   000000001206392   0   0000000000   A   0   0000000000   A   000000   000000   000000000000000   000000000000000   0000A0000000
 002070   61338087703   058606            2   001   140726   00   000000   0   000000000000000   000   000000000000000   000   000000000000000      000000000000487627   000   000000000487627   0   0000000000   A   0   0000000000   A   000000   000000   000000000000000   000000000000000   0000A0000000
 002070   61338087703   930306            2   002   140726   00   000000   0   000000000000000   000   000000000000000   000   000000000000000      000000000000382800   000   000000000765601   0   0000000000   A   0   0000000000   A   000000   000000   000000000000000   000000000000000   0000A0000000
 002070   61338087703   930306            2   005   140726   00   000000   0   000000000000000   000   000000000000000   000   000000000000000      000000000000047855   000   000000000239274   0   0000000000   A   0   0000000000   A   000000   000000   000000000000000   000000000000000   0000A0000000
 002070   61338087703   930306            2   002   140726   00   000000   0   000000000000000   000   000000000000000   000   000000000000000      000000000000168489   000   000000000336978   0   0000000000   A   0   0000000000   A   000000   000000   000000000000000   000000000000000   0000A0000000
 002070   61338087703   930306            2   001   140726   00   000000   0   000000000000000   000   000000000000000   000   000000000000000      000000000003420873   000   000000003420873   0   0000000000   A   0   0000000000   A   000000   000000   000000000000000   000000000000000   0000A0000000
 002070   35202973101   020172            2   001   280726   00   000000   0   000000000000000   000   000000000000000   000   000000000000000      000000000003489090   000   000000003489090   0   0000000000   A   0   0000000000   A   000000   000000   000000000000000   000000000000000   0000A0000000
 002070   35202973101   015010            2   001   280726   00   000000   0   000000000000000   000   000000000000000   000   000000000000000      000000000001813500   000   000000001813500   0   0000000000   A   0   0000000000   A   000000   000000   000000000000000   000000000000000   0000A0000000
 002070   35202973101   052001            2   001   280726   00   000000   0   000000000000000   000   000000000000000   000   000000000000000      000000000003456981   000   000000003456981   0   0000000000   A   0   0000000000   A   000000   000000   000000000000000   000000000000000   0000A0000000
 002070   35202973101   014916            2   105   280726   00   000000   0   000000000000000   000   000000000000000   000   000000000000000      000000000000193053   000   000000020270534   0   0000000000   A   0   0000000000   A   000000   000000   000000000000000   000000000000000   0000A0000000
 002070   35202973101   053179            2   001   280726   00   000000   0   000000000000000   000   000000000000000   000   000000000000000      000000000004649817   000   000000004649817   0   0000000000   A   0   0000000000   A   000000   000000   000000000000000   000000000000000   0000A0000000
 002070   35202973101   059162            2   001   280726   00   000000   0   000000000000000   000   000000000000000   000   000000000000000      000000000001423806   000   000000001423806   0   0000000000   A   0   0000000000   A   000000   000000   000000000000000   000000000000000   0000A0000000
 002070   35202973101   032583            2   001   280726   00   000000   0   000000000000000   000   000000000000000   000   000000000000000      000000000000747275   000   000000000747275   0   0000000000   A   0   0000000000   A   000000   000000   000000000000000   000000000000000   0000A0000000
 002070   35202973101   024577            2   001   280726   00   000000   0   000000000000000   000   000000000000000   000   000000000000000      000000000000432824   000   000000000432824   0   0000000000   A   0   0000000000   A   000000   000000   000000000000000   000000000000000   0000A0000000
 002070   35202973101   060196            2   001   280726   00   000000   0   000000000000000   000   000000000000000   000   000000000000000      000000000001740058   000   000000001740058   0   0000000000   A   0   0000000000   A   000000   000000   000000000000000   000000000000000   0000A0000000
 002070   35202973101   058689            2   001   280726   00   000000   0   000000000000000   000   000000000000000   000   000000000000000      000000000003789454   000   000000003789454   0   0000000000   A   0   0000000000   A   000000   000000   000000000000000   000000000000000   0000A0000000
 002070   35202973101   045332            2   002   280726   00   000000   0   000000000000000   000   000000000000000   000   000000000000000      000000000001737178   000   000000003474356   0   0000000000   A   0   0000000000   A   000000   000000   000000000000000   000000000000000   0000A0000000
 002070   35202973101   034031            2   001   280726   00   000000   0   000000000000000   000   000000000000000   000   000000000000000      000000000001206392   000   000000001206392   0   0000000000   A   0   0000000000   A   000000   000000   000000000000000   000000000000000   0000A0000000
 002070   35202973101   058606            2   002   280726   00   000000   0   000000000000000   000   000000000000000   000   000000000000000      000000000000487627   000   000000000975254   0   0000000000   A   0   0000000000   A   000000   000000   000000000000000   000000000000000   0000A0000000
 002070   35202973101   058373            2   001   280726   00   000000   0   000000000000000   000   000000000000000   000   000000000000000      000000000000389168   000   000000000389168   0   0000000000   A   0   0000000000   A   000000   000000   000000000000000   000000000000000   0000A0000000
 002070   35202973101   930306            2   005   280726   00   000000   0   000000000000000   000   000000000000000   000   000000000000000      000000000000047855   000   000000000239274   0   0000000000   A   0   0000000000   A   000000   000000   000000000000000   000000000000000   0000A0000000
 002070   35202973101   930306            2   002   280726   00   000000   0   000000000000000   000   000000000000000   000   000000000000000      000000000002472750   000   000000004945500   0   0000000000   A   0   0000000000   A   000000   000000   000000000000000   000000000000000   0000A0000000
 002070   35202973101   930306            2   001   280726   00   000000   0   000000000000000   000   000000000000000   000   000000000000000      000000000000168489   000   000000000168489   0   0000000000   A   0   0000000000   A   000000   000000   000000000000000   000000000000000   0000A0000000
 002070   35202973101   930306            2   001   280726   00   000000   0   000000000000000   000   000000000000000   000   000000000000000      000000000003420873   000   000000003420873   0   0000000000   A   0   0000000000   A   000000   000000   000000000000000   000000000000000   0000A0000000
 002070   35202973101   053175            2   006   280726   00   000000   0   000000000000000   000   000000000000000   000   000000000000000      000000000004058997   000   000000024353984   0   0000000000   A   0   0000000000   A   000000   000000   000000000000000   000000000000000   0000A0000000
 002070   61375233201   053175            2   002   010726   00   000000   0   000000000000000   000   000000000000000   000   000000000000000      000000000004058998   000   000000008117995   0   0000000000   A   0   0000000000   A   000000   000000   000000000000000   000000000000000   0000A0000000
 002070   61375233201   930306            2   001   010726   00   000000   0   000000000000000   000   000000000000000   000   000000000000000      000000000001184071   000   000000001184071   0   0000000000   A   0   0000000000   A   000000   000000   000000000000000   000000000000000   0000A0000000
 002070   61375233201   053179            2   001   010726   00   000000   0   000000000000000   000   000000000000000   000   000000000000000      000000000004649817   000   000000004649817   0   0000000000   A   0   0000000000   A   000000   000000   000000000000000   000000000000000   0000A0000000
 002070   61375233201   040297            2   002   010726   00   000000   0   000000000000000   000   000000000000000   000   000000000000000      000000000000521785   000   000000001043570   0   0000000000   A   0   0000000000   A   000000   000000   000000000000000   000000000000000   0000A0000000
 002070   61375233201   930306            2   001   010726   00   000000   0   000000000000000   000   000000000000000   000   000000000000000      000000000001184071   000   000000001184071   0   0000000000   A   0   0000000000   A   000000   000000   000000000000000   000000000000000   0000A0000000
 002070   61375233201   930306            2   001   010726   00   000000   0   000000000000000   000   000000000000000   000   000000000000000      000000000000168489   000   000000000168489   0   0000000000   A   0   0000000000   A   000000   000000   000000000000000   000000000000000   0000A0000000
 002070   61375233201   930306            2   001   010726   00   000000   0   000000000000000   000   000000000000000   000   000000000000000      000000000002472750   000   000000002472750   0   0000000000   A   0   0000000000   A   000000   000000   000000000000000   000000000000000   0000A0000000
 002070   61375233201   058373            2   003   010726   00   000000   0   000000000000000   000   000000000000000   000   000000000000000      000000000000389168   000   000000001167504   0   0000000000   A   0   0000000000   A   000000   000000   000000000000000   000000000000000   0000A0000000
 002070   61375233201   029366            2   002   010726   00   000000   0   000000000000000   000   000000000000000   000   000000000000000      000000000000528680   000   000000001057361   0   0000000000   A   0   0000000000   A   000000   000000   000000000000000   000000000000000   0000A0000000
 002070   61375233201   020095            2   003   010726   00   000000   0   000000000000000   000   000000000000000   000   000000000000000      000000000000023855   000   000000000071564   0   0000000000   A   0   0000000000   A   000000   000000   000000000000000   000000000000000   0000A0000000
 002070   61375233201   034031            2   001   010726   00   000000   0   000000000000000   000   000000000000000   000   000000000000000      000000000001206392   000   000000001206392   0   0000000000   A   0   0000000000   A   000000   000000   000000000000000   000000000000000   0000A0000000
 002070   61375233201   049941            2   002   010726   00   000000   0   000000000000000   000   000000000000000   000   000000000000000      000000000002036306   000   000000004072612   0   0000000000   A   0   0000000000   A   000000   000000   000000000000000   000000000000000   0000A0000000
 002070   61375233201   930306            2   001   010726   00   000000   0   000000000000000   000   000000000000000   000   000000000000000      000000000004095457   000   000000004095457   0   0000000000   A   0   0000000000   A   000000   000000   000000000000000   000000000000000   0000A0000000
 002070   61375233201   045332            2   003   010726   00   000000   0   000000000000000   000   000000000000000   000   000000000000000      000000000001737178   000   000000005211535   0   0000000000   A   0   0000000000   A   000000   000000   000000000000000   000000000000000   0000A0000000
 002070   61375233201   930306            2   001   020726   00   000000   0   000000000000000   000   000000000000000   000   000000000000000      000000000002472750   000   000000002472750   0   0000000000   A   0   0000000000   A   000000   000000   000000000000000   000000000000000   0000A0000000
 002070   61375233201   040297            2   002   020726   00   000000   0   000000000000000   000   000000000000000   000   000000000000000      000000000000521785   000   000000001043570   0   0000000000   A   0   0000000000   A   000000   000000   000000000000000   000000000000000   0000A0000000
 002070   61375233201   053179            2   001   020726   00   000000   0   000000000000000   000   000000000000000   000   000000000000000      000000000004649817   000   000000004649817   0   0000000000   A   0   0000000000   A   000000   000000   000000000000000   000000000000000   0000A0000000
 002070   61656323901   029366            2   001   070726   00   000000   0   000000000000000   000   000000000000000   000   000000000000000      000000000000528681   000   000000000528681   0   0000000000   A   0   0000000000   A   000000   000000   000000000000000   000000000000000   0000A0000000
 002070   61656323901   930306            2   001   070726   00   000000   0   000000000000000   000   000000000000000   000   000000000000000      000000000000382801   000   000000000382801   0   0000000000   A   0   0000000000   A   000000   000000   000000000000000   000000000000000   0000A0000000
 002070   61656323901   058606            2   001   070726   00   000000   0   000000000000000   000   000000000000000   000   000000000000000      000000000000487627   000   000000000487627   0   0000000000   A   0   0000000000   A   000000   000000   000000000000000   000000000000000   0000A0000000
 002070   61656323901   930306            2   001   070726   00   000000   0   000000000000000   000   000000000000000   000   000000000000000      000000000000168489   000   000000000168489   0   0000000000   A   0   0000000000   A   000000   000000   000000000000000   000000000000000   0000A0000000
 002070   61656323901   930306            2   001   070726   00   000000   0   000000000000000   000   000000000000000   000   000000000000000      000000000000381150   000   000000000381150   0   0000000000   A   0   0000000000   A   000000   000000   000000000000000   000000000000000   0000A0000000
 002070   61656323901   930306            2   001   070726   00   000000   0   000000000000000   000   000000000000000   000   000000000000000      000000000002472750   000   000000002472750   0   0000000000   A   0   0000000000   A   000000   000000   000000000000000   000000000000000   0000A0000000
 002070   61656323901   053175            2   001   070726   00   000000   0   000000000000000   000   000000000000000   000   000000000000000      000000000004058997   000   000000004058997   0   0000000000   A   0   0000000000   A   000000   000000   000000000000000   000000000000000   0000A0000000
 002070   61656323901   053175            2   003   070726   00   000000   0   000000000000000   000   000000000000000   000   000000000000000      000000000004058997   000   000000012176992   0   0000000000   A   0   0000000000   A   000000   000000   000000000000000   000000000000000   0000A0000000
 002070   61656323901   058606            2   003   070726   00   000000   0   000000000000000   000   000000000000000   000   000000000000000      000000000000487627   000   000000001462882   0   0000000000   A   0   0000000000   A   000000   000000   000000000000000   000000000000000   0000A0000000
 002070   61656323901   029366            2   003   070726   00   000000   0   000000000000000   000   000000000000000   000   000000000000000      000000000000528681   000   000000001586042   0   0000000000   A   0   0000000000   A   000000   000000   000000000000000   000000000000000   0000A0000000
 002070   61656323901   022323            2   002   070726   00   000000   0   000000000000000   000   000000000000000   000   000000000000000      000000000002098942   000   000000004197884   0   0000000000   A   0   0000000000   A   000000   000000   000000000000000   000000000000000   0000A0000000
 002070   61656323901   040318            2   003   070726   00   000000   0   000000000000000   000   000000000000000   000   000000000000000      000000000003936402   000   000000011809206   0   0000000000   A   0   0000000000   A   000000   000000   000000000000000   000000000000000   0000A0000000
 002070   61656323901   930306            2   001   070726   00   000000   0   000000000000000   000   000000000000000   000   000000000000000      000000000002472750   000   000000002472750   0   0000000000   A   0   0000000000   A   000000   000000   000000000000000   000000000000000   0000A0000000
 002070   61656323901   930306            2   001   070726   00   000000   0   000000000000000   000   000000000000000   000   000000000000000      000000000000168489   000   000000000168489   0   0000000000   A   0   0000000000   A   000000   000000   000000000000000   000000000000000   0000A0000000
 002070   61351556001   053175            2   002   070726   00   000000   0   000000000000000   000   000000000000000   000   000000000000000      000000000004058998   000   000000008117995   0   0000000000   A   0   0000000000   A   000000   000000   000000000000000   000000000000000   0000A0000000
 002070   61351556001   930306            2   001   070726   00   000000   0   000000000000000   000   000000000000000   000   000000000000000      000000000001184071   000   000000001184071   0   0000000000   A   0   0000000000   A   000000   000000   000000000000000   000000000000000   0000A0000000
 002070   61351556001   930306            2   001   070726   00   000000   0   000000000000000   000   000000000000000   000   000000000000000      000000000002472750   000   000000002472750   0   0000000000   A   0   0000000000   A   000000   000000   000000000000000   000000000000000   0000A0000000
 002070   61351556001   053179            2   001   070726   00   000000   0   000000000000000   000   000000000000000   000   000000000000000      000000000004649817   000   000000004649817   0   0000000000   A   0   0000000000   A   000000   000000   000000000000000   000000000000000   0000A0000000
 002070   61351556001   040297            2   002   070726   00   000000   0   000000000000000   000   000000000000000   000   000000000000000      000000000000521785   000   000000001043570   0   0000000000   A   0   0000000000   A   000000   000000   000000000000000   000000000000000   0000A0000000
 002070   61351556001   930306            2   001   070726   00   000000   0   000000000000000   000   000000000000000   000   000000000000000      000000000001184071   000   000000001184071   0   0000000000   A   0   0000000000   A   000000   000000   000000000000000   000000000000000   0000A0000000
 002070   61351556001   029366            2   002   070726   00   000000   0   000000000000000   000   000000000000000   000   000000000000000      000000000000528680   000   000000001057361   0   0000000000   A   0   0000000000   A   000000   000000   000000000000000   000000000000000   0000A0000000
 002070   61351556001   058373            2   003   070726   00   000000   0   000000000000000   000   000000000000000   000   000000000000000      000000000000389168   000   000000001167504   0   0000000000   A   0   0000000000   A   000000   000000   000000000000000   000000000000000   0000A0000000
 002070   61351556001   049941            2   002   070726   00   000000   0   000000000000000   000   000000000000000   000   000000000000000      000000000002036306   000   000000004072612   0   0000000000   A   0   0000000000   A   000000   000000   000000000000000   000000000000000   0000A0000000
 002070   61351556001   034031            2   001   070726   00   000000   0   000000000000000   000   000000000000000   000   000000000000000      000000000001206392   000   000000001206392   0   0000000000   A   0   0000000000   A   000000   000000   000000000000000   000000000000000   0000A0000000
 002070   61351556001   020095            2   003   070726   00   000000   0   000000000000000   000   000000000000000   000   000000000000000      000000000000023855   000   000000000071564   0   0000000000   A   0   0000000000   A   000000   000000   000000000000000   000000000000000   0000A0000000
 002070   61351556001   045332            2   003   070726   00   000000   0   000000000000000   000   000000000000000   000   000000000000000      000000000001737178   000   000000005211535   0   0000000000   A   0   0000000000   A   000000   000000   000000000000000   000000000000000   0000A0000000
 002070   61351556001   013530            2   001   070726   00   000000   0   000000000000000   000   000000000000000   000   000000000000000      000000000005453424   000   000000005453424   0   0000000000   A   0   0000000000   A   000000   000000   000000000000000   000000000000000   0000A0000000
 002070   61351556001   930306            2   001   070726   00   000000   0   000000000000000   000   000000000000000   000   000000000000000      000000000000168489   000   000000000168489   0   0000000000   A   0   0000000000   A   000000   000000   000000000000000   000000000000000   0000A0000000
 002070   61351556001   930306            2   001   070726   00   000000   0   000000000000000   000   000000000000000   000   000000000000000      000000000002472750   000   000000002472750   0   0000000000   A   0   0000000000   A   000000   000000   000000000000000   000000000000000   0000A0000000
 002070   61351556001   930306            2   001   070726   00   000000   0   000000000000000   000   000000000000000   000   000000000000000      000000000004095457   000   000000004095457   0   0000000000   A   0   0000000000   A   000000   000000   000000000000000   000000000000000   0000A0000000
 002070   61351556001   053175            2   001   080726   00   000000   0   000000000000000   000   000000000000000   000   000000000000000      000000000004058997   000   000000004058997   0   0000000000   A   0   0000000000   A   000000   000000   000000000000000   000000000000000   0000A0000000
 002070   61351556001   053179            2   001   080726   00   000000   0   000000000000000   000   000000000000000   000   000000000000000      000000000004649817   000   000000004649817   0   0000000000   A   0   0000000000   A   000000   000000   000000000000000   000000000000000   0000A0000000
 002070   61351556001   040297            2   002   080726   00   000000   0   000000000000000   000   000000000000000   000   000000000000000      000000000000521785   000   000000001043570   0   0000000000   A   0   0000000000   A   000000   000000   000000000000000   000000000000000   0000A0000000
 002070   61351556001   029366            2   002   080726   00   000000   0   000000000000000   000   000000000000000   000   000000000000000      000000000000528680   000   000000001057361   0   0000000000   A   0   0000000000   A   000000   000000   000000000000000   000000000000000   0000A0000000
 002070   61351556001   058373            2   002   080726   00   000000   0   000000000000000   000   000000000000000   000   000000000000000      000000000000389168   000   000000000778336   0   0000000000   A   0   0000000000   A   000000   000000   000000000000000   000000000000000   0000A0000000
 002070   61351556001   053175            2   002   080726   00   000000   0   000000000000000   000   000000000000000   000   000000000000000      000000000004058998   000   000000008117995   0   0000000000   A   0   0000000000   A   000000   000000   000000000000000   000000000000000   0000A0000000
 002070   61351556001   020095            2   002   080726   00   000000   0   000000000000000   000   000000000000000   000   000000000000000      000000000000023854   000   000000000047709   0   0000000000   A   0   0000000000   A   000000   000000   000000000000000   000000000000000   0000A0000000
 002070   61351556001   045332            2   002   080726   00   000000   0   000000000000000   000   000000000000000   000   000000000000000      000000000001737178   000   000000003474356   0   0000000000   A   0   0000000000   A   000000   000000   000000000000000   000000000000000   0000A0000000
 002070   61351556001   013530            2   001   080726   00   000000   0   000000000000000   000   000000000000000   000   000000000000000      000000000005453424   000   000000005453424   0   0000000000   A   0   0000000000   A   000000   000000   000000000000000   000000000000000   0000A0000000
 002070   61656323901   053175            2   003   080726   00   000000   0   000000000000000   000   000000000000000   000   000000000000000      000000000004058997   000   000000012176992   0   0000000000   A   0   0000000000   A   000000   000000   000000000000000   000000000000000   0000A0000000
 002070   61656323901   058606            2   003   080726   00   000000   0   000000000000000   000   000000000000000   000   000000000000000      000000000000487627   000   000000001462882   0   0000000000   A   0   0000000000   A   000000   000000   000000000000000   000000000000000   0000A0000000
 002070   61656323901   029366            2   003   080726   00   000000   0   000000000000000   000   000000000000000   000   000000000000000      000000000000528681   000   000000001586042   0   0000000000   A   0   0000000000   A   000000   000000   000000000000000   000000000000000   0000A0000000
 002070   61656323901   022323            2   002   080726   00   000000   0   000000000000000   000   000000000000000   000   000000000000000      000000000002098942   000   000000004197884   0   0000000000   A   0   0000000000   A   000000   000000   000000000000000   000000000000000   0000A0000000
 002070   61656323901   040318            2   003   080726   00   000000   0   000000000000000   000   000000000000000   000   000000000000000      000000000003936402   000   000000011809206   0   0000000000   A   0   0000000000   A   000000   000000   000000000000000   000000000000000   0000A0000000
 002070   61351556001   049924            2   001   080726   00   000000   0   000000000000000   000   000000000000000   000   000000000000000      000000000001412419   000   000000001412419   0   0000000000   A   0   0000000000   A   000000   000000   000000000000000   000000000000000   0000A0000000
 002070   61656323901   930306            2   001   080726   00   000000   0   000000000000000   000   000000000000000   000   000000000000000      000000000000257277   000   000000000257277   0   0000000000   A   0   0000000000   A   000000   000000   000000000000000   000000000000000   0000A0000000
 002070   61656323901   053619            2   004   080726   00   000000   0   000000000000000   000   000000000000000   000   000000000000000      000000000000903755   000   000000003615019   0   0000000000   A   0   0000000000   A   000000   000000   000000000000000   000000000000000   0000A0000000
 002070   61656323901   058373            2   005   080726   00   000000   0   000000000000000   000   000000000000000   000   000000000000000      000000000000389168   000   000000001945840   0   0000000000   A   0   0000000000   A   000000   000000   000000000000000   000000000000000   0000A0000000
 002070   61351556001   930306            2   001   080726   00   000000   0   000000000000000   000   000000000000000   000   000000000000000      000000000000382801   000   000000000382801   0   0000000000   A   0   0000000000   A   000000   000000   000000000000000   000000000000000   0000A0000000
 002070   61351556001   930306            2   001   080726   00   000000   0   000000000000000   000   000000000000000   000   000000000000000      000000000000381150   000   000000000381150   0   0000000000   A   0   0000000000   A   000000   000000   000000000000000   000000000000000   0000A0000000
 002070   35202973101   034031            2   001   280726   00   000000   0   000000000000000   000   000000000000000   000   000000000000000      000000000001206392   000   000000001206392   0   0000000000   A   0   0000000000   A   000000   000000   000000000000000   000000000000000   0000A0000000
 002070   35202973101   053609            2   001   280726   00   000000   0   000000000000000   000   000000000000000   000   000000000000000      000000000000543839   000   000000000543839   0   0000000000   A   0   0000000000   A   000000   000000   000000000000000   000000000000000   0000A0000000
 002070   35202973101   032583            2   001   280726   00   000000   0   000000000000000   000   000000000000000   000   000000000000000      000000000000747275   000   000000000747275   0   0000000000   A   0   0000000000   A   000000   000000   000000000000000   000000000000000   0000A0000000
 002070   35202973101   930306            2   002   280726   00   000000   0   000000000000000   000   000000000000000   000   000000000000000      000000000000047855   000   000000000095710   0   0000000000   A   0   0000000000   A   000000   000000   000000000000000   000000000000000   0000A0000000
 002070   35202973101   058606            2   004   280726   00   000000   0   000000000000000   000   000000000000000   000   000000000000000      000000000000487627   000   000000001950509   0   0000000000   A   0   0000000000   A   000000   000000   000000000000000   000000000000000   0000A0000000
 002070   35202973101   930306            2   001   280726   00   000000   0   000000000000000   000   000000000000000   000   000000000000000      000000000000168489   000   000000000168489   0   0000000000   A   0   0000000000   A   000000   000000   000000000000000   000000000000000   0000A0000000
 002070   35202973101   930306            2   001   280726   00   000000   0   000000000000000   000   000000000000000   000   000000000000000      000000000001184071   000   000000001184071   0   0000000000   A   0   0000000000   A   000000   000000   000000000000000   000000000000000   0000A0000000
 002070   35202973101   930306            2   001   280726   00   000000   0   000000000000000   000   000000000000000   000   000000000000000      000000000002472750   000   000000002472750   0   0000000000   A   0   0000000000   A   000000   000000   000000000000000   000000000000000   0000A0000000
 002070   35202973101   058373            2   001   290726   00   000000   0   000000000000000   000   000000000000000   000   000000000000000      000000000000389168   000   000000000389168   0   0000000000   A   0   0000000000   A   000000   000000   000000000000000   000000000000000   0000A0000000
 002070   35202973101   930306            2   001   290726   00   000000   0   000000000000000   000   000000000000000   000   000000000000000      000000000004095457   000   000000004095457   0   0000000000   A   0   0000000000   A   000000   000000   000000000000000   000000000000000   0000A0000000
 002070   35202973101   029366            2   001   290726   00   000000   0   000000000000000   000   000000000000000   000   000000000000000      000000000000528681   000   000000000528681   0   0000000000   A   0   0000000000   A   000000   000000   000000000000000   000000000000000   0000A0000000
 002070   35202973101   055443            2   001   290726   00   000000   0   000000000000000   000   000000000000000   000   000000000000000      000000000005041306   000   000000005041306   0   0000000000   A   0   0000000000   A   000000   000000   000000000000000   000000000000000   0000A0000000
 002070   35202973101   056438            2   004   290726   00   000000   0   000000000000000   000   000000000000000   000   000000000000000      000000000001743854   000   000000006975418   0   0000000000   A   0   0000000000   A   000000   000000   000000000000000   000000000000000   0000A0000000
 002070   35202973101   053986            2   002   290726   00   000000   0   000000000000000   000   000000000000000   000   000000000000000      000000000000238054   000   000000000476107   0   0000000000   A   0   0000000000   A   000000   000000   000000000000000   000000000000000   0000A0000000
 002070   35202973101   930306            2   001   290726   00   000000   0   000000000000000   000   000000000000000   000   000000000000000      000000000000257277   000   000000000257277   0   0000000000   A   0   0000000000   A   000000   000000   000000000000000   000000000000000   0000A0000000
 002070   35202973101   056867            2   001   290726   00   000000   0   000000000000000   000   000000000000000   000   000000000000000      000000000003573728   000   000000003573728   0   0000000000   A   0   0000000000   A   000000   000000   000000000000000   000000000000000   0000A0000000
 002070   35202973101   058373            2   001   290726   00   000000   0   000000000000000   000   000000000000000   000   000000000000000      000000000000389168   000   000000000389168   0   0000000000   A   0   0000000000   A   000000   000000   000000000000000   000000000000000   0000A0000000
 002070   35202973101   029366            2   001   290726   00   000000   0   000000000000000   000   000000000000000   000   000000000000000      000000000000528681   000   000000000528681   0   0000000000   A   0   0000000000   A   000000   000000   000000000000000   000000000000000   0000A0000000
 002070   35202973101   058606            2   003   290726   00   000000   0   000000000000000   000   000000000000000   000   000000000000000      000000000000487627   000   000000001462882   0   0000000000   A   0   0000000000   A   000000   000000   000000000000000   000000000000000   0000A0000000
 002070   35202973101   056867            2   001   290726   00   000000   0   000000000000000   000   000000000000000   000   000000000000000      000000000003573728   000   000000003573728   0   0000000000   A   0   0000000000   A   000000   000000   000000000000000   000000000000000   0000A0000000
 002070   35202973101   029366            2   003   290726   00   000000   0   000000000000000   000   000000000000000   000   000000000000000      000000000000528681   000   000000001586042   0   0000000000   A   0   0000000000   A   000000   000000   000000000000000   000000000000000   0000A0000000
 002070   35202973101   058373            2   003   290726   00   000000   0   000000000000000   000   000000000000000   000   000000000000000      000000000000389168   000   000000001167504   0   0000000000   A   0   0000000000   A   000000   000000   000000000000000   000000000000000   0000A0000000
 002070   35202973101   056438            2   008   290726   00   000000   0   000000000000000   000   000000000000000   000   000000000000000      000000000001743854   000   000000013950835   0   0000000000   A   0   0000000000   A   000000   000000   000000000000000   000000000000000   0000A0000000
 002070   35202973101   053175            2   001   290726   00   000000   0   000000000000000   000   000000000000000   000   000000000000000      000000000004058997   000   000000004058997   0   0000000000   A   0   0000000000   A   000000   000000   000000000000000   000000000000000   0000A0000000
 002070   61351556001   340907            2   001   070726   00   000000   0   000000000000000   000   000000000000000   000   000000000000000      000000000003464134   000   000000003464134   0   0000000000   A   0   0000000000   A   000000   000000   000000000000000   000000000000000   0000A0000000
 002070   61656323901   170101            2   001   070726   00   000000   0   000000000794314   000   000000000000000   000   000000000000000      000000000000000000   000   000000000794314   0   0000000000   A   0   0000000000   A   000000   000000   000000000000000   000000000000000   0000A0000000
 002070   61656323901   420303            2   002   070726   00   000000   0   000000000000000   000   000000000000000   000   000000000000000      000000000001402194   000   000000002804388   0   0000000000   A   0   0000000000   A   000000   000000   000000000000000   000000000000000   0000A0000000
 002070   61338087703   340907            2   001   140726   00   000000   0   000000000000000   000   000000000000000   000   000000000000000      000000000003464134   000   000000003464134   0   0000000000   A   0   0000000000   A   000000   000000   000000000000000   000000000000000   0000A0000000
