 002070   62133268102   49924X1           1   026   020320   00   000000   0   000000000000000   000   000000000000000   000   000000000000000      000000000001358095   000   000000001358095   0   0000000000   A   0   0000000000   A   000000   000000   000000000000000   000000000000000   0000A0000000
 002070   62133268102   034031            1   001   020326   00   000000   0   000000000000000   000   000000000000000   000   000000000000000      000000000001110531   000   000000001110531   0   0000000000   A   0   0000000000   A   000000   000000   000000000000000   000000000000000   0000A0000000
 002070   62029296101   040297            1   001   170326   00   000000   0   000000000000000   000   000000000000000   000   000000000000000      000000000000521785   000   000000000521785   0   0000000000   A   0   0000000000   A   000000   000000   000000000000000   000000000000000   0000A0000000
 002070   62029296101   053609            1   001   170326   00   000000   0   000000000000000   000   000000000000000   000   000000000000000      000000000002339334   000   000000002339334   0   0000000000   A   0   0000000000   A   000000   000000   000000000000000   000000000000000   0000A0000000
 002070   62731742001   034031            1   001   220326   00   000000   0   000000000000000   000   000000000000000   000   000000000000000      000000000001143847   000   000000001143847   0   0000000000   A   0   0000000000   A   000000   000000   000000000000000   000000000000000   0000A0000000
 002070   62731742001   040297            1   001   220326   00   000000   0   000000000000000   000   000000000000000   000   000000000000000      000000000000521785   000   000000000521785   0   0000000000   A   0   0000000000   A   000000   000000   000000000000000   000000000000000   0000A0000000
 002070   63279852001   034031            1   001   250326   00   000000   0   000000000000000   000   000000000000000   000   000000000000000      000000000001143847   000   000000001143847   0   0000000000   A   0   0000000000   A   000000   000000   000000000000000   000000000000000   0000A0000000
 002070   63279852001   053609            1   001   250326   00   000000   0   000000000000000   000   000000000000000   000   000000000000000      000000000000498296   000   000000000498296   0   0000000000   A   0   0000000000   A   000000   000000   000000000000000   000000000000000   0000A0000000
 002070   63279852001   032583            1   001   250326   00   000000   0   000000000000000   000   000000000000000   000   000000000000000      000000000000747275   000   000000000747275   0   0000000000   A   0   0000000000   A   000000   000000   000000000000000   000000000000000   0000A0000000
 002070   62133466802   420266            1   001   280226   00   000000   0   000000000000000   000   000000000000000   000   000000000000000      000000000001251357   000   000000001251357   0   0000000000   A   0   0000000000   A   000000   000000   000000000000000   000000000000000   0000A0000000
 002070   62133268102   420266            1   001   020326   00   000000   0   000000000000000   000   000000000000000   000   000000000000000      000000000001234702   000   000000001234702   0   0000000000   A   0   0000000000   A   000000   000000   000000000000000   000000000000000   0000A0000000
 002070   63008261701   420266            1   001   020326   00   000000   0   000000000000000   000   000000000000000   000   000000000000000      000000000001234702   000   000000001234702   0   0000000000   A   0   0000000000   A   000000   000000   000000000000000   000000000000000   0000A0000000
 002070   08204921002   420266            1   001   130326   00   000000   0   000000000000000   000   000000000000000   000   000000000000000      000000000001234702   000   000000001234702   0   0000000000   A   0   0000000000   A   000000   000000   000000000000000   000000000000000   0000A0000000
 002070   00000000000   420266            1   001   150326   00   000000   0   000000000000000   000   000000000000000   000   000000000000000      000000000001234702   000   000000001234702   0   0000000000   A   0   0000000000   A   000000   000000   000000000000000   000000000000000   0000A0000000
 002070   63322901501   420266            1   001   170326   00   000000   0   000000000000000   000   000000000000000   000   000000000000000      000000000001234702   000   000000001234702   0   0000000000   A   0   0000000000   A   000000   000000   000000000000000   000000000000000   0000A0000000
 002070   62029296101   420266            1   001   170326   00   000000   0   000000000000000   000   000000000000000   000   000000000000000      000000000001251357   000   000000001251357   0   0000000000   A   0   0000000000   A   000000   000000   000000000000000   000000000000000   0000A0000000
 002070   00000000000   420266            1   001   200326   00   000000   0   000000000000000   000   000000000000000   000   000000000000000      000000000001234702   000   000000001234702   0   0000000000   A   0   0000000000   A   000000   000000   000000000000000   000000000000000   0000A0000000
 002070   61637765601   420266            1   001   210326   00   000000   0   000000000000000   000   000000000000000   000   000000000000000      000000000001234702   000   000000001234702   0   0000000000   A   0   0000000000   A   000000   000000   000000000000000   000000000000000   0000A0000000
 002070   62731742001   420266            1   001   220326   00   000000   0   000000000000000   000   000000000000000   000   000000000000000      000000000001234702   000   000000001234702   0   0000000000   A   0   0000000000   A   000000   000000   000000000000000   000000000000000   0000A0000000
 002070   63279852001   420266            1   001   250326   00   000000   0   000000000000000   000   000000000000000   000   000000000000000      000000000001234702   000   000000001234702   0   0000000000   A   0   0000000000   A   000000   000000   000000000000000   000000000000000   0000A0000000
