 002070   63121582301   110210            3   026   070420   00   000000   0   000000000000000   000   000000000000000   000   000000000000000      000000000021766386   000   000000021766386   0   0000000000   A   0   0000000000   A   000000   000000   000000000000000   000000000000000   0000A0000000
 002070   63121582301   431101            1   001   070426   00   000000   0   000000000000000   000   000000000000000   000   000000000000000      000000000001122481   000   000000001122481   0   0000000000   A   0   0000000000   A   000000   000000   000000000000000   000000000000000   0000A0000000
 002070   63121582301   018168            1   001   070426   00   000000   0   000000000000000   000   000000000000000   000   000000000000000      000000000000873000   000   000000000873000   0   0000000000   A   0   0000000000   A   000000   000000   000000000000000   000000000000000   0000A0000000
 002070   63121582301   056870            1   001   070426   00   000000   0   000000000000000   000   000000000000000   000   000000000000000      000000000003767335   000   000000003767335   0   0000000000   A   0   0000000000   A   000000   000000   000000000000000   000000000000000   0000A0000000
 002070   63121582301   060196            1   001   070426   00   000000   0   000000000000000   000   000000000000000   000   000000000000000      000000000001740058   000   000000001740058   0   0000000000   A   0   0000000000   A   000000   000000   000000000000000   000000000000000   0000A0000000
 002070   63121582301   045332            1   001   070426   00   000000   0   000000000000000   000   000000000000000   000   000000000000000      000000000001638848   000   000000001638848   0   0000000000   A   0   0000000000   A   000000   000000   000000000000000   000000000000000   0000A0000000
 002070   63121582301   034031            1   001   070426   00   000000   0   000000000000000   000   000000000000000   000   000000000000000      000000000001143847   000   000000001143847   0   0000000000   A   0   0000000000   A   000000   000000   000000000000000   000000000000000   0000A0000000
 002070   63121582301   058606            1   002   070426   00   000000   0   000000000000000   000   000000000000000   000   000000000000000      000000000000460026   000   000000000920052   0   0000000000   A   0   0000000000   A   000000   000000   000000000000000   000000000000000   0000A0000000
 002070   63121582301   049924            1   001   070426   00   000000   0   000000000000000   000   000000000000000   000   000000000000000      000000000001412419   000   000000001412419   0   0000000000   A   0   0000000000   A   000000   000000   000000000000000   000000000000000   0000A0000000
 002070   63121582301   930306            1   001   070426   00   000000   0   000000000000000   000   000000000000000   000   000000000000000      000000000000381150   000   000000000381150   0   0000000000   A   0   0000000000   A   000000   000000   000000000000000   000000000000000   0000A0000000
 002070   63121582301   930306            1   001   070426   00   000000   0   000000000000000   000   000000000000000   000   000000000000000      000000000003420873   000   000000003420873   0   0000000000   A   0   0000000000   A   000000   000000   000000000000000   000000000000000   0000A0000000
 002070   63121582301   053175            1   003   070426   00   000000   0   000000000000000   000   000000000000000   000   000000000000000      000000000003761153   000   000000011283459   0   0000000000   A   0   0000000000   A   000000   000000   000000000000000   000000000000000   0000A0000000
