 026070   63008261701   400101            2   002   020320   00   000000   0   000000000000000   000   000000000000000   000   000000000000000      000000000036608266   000   000000073216532   0   0000000000   A   0   0000000000   A   000000   000000   000000000000000   000000000000000   0000A0000000
 002070   63008261701   430171            2   005   040326   00   000000   0   000000000000000   000   000000000000000   000   000000000000000      000000000022133464   000   000000110667320   0   0000000000   A   0   0000000000   A   000000   000000   000000000000000   000000000000000   0000A0000000
 002070   62132876502   430185            2   001   120326   00   000000   0   000000000000000   000   000000000000000   000   000000000000000      000000000007794966   000   000000007794966   0   0000000000   A   0   0000000000   A   000000   000000   000000000000000   000000000000000   0000A0000000
 002070   61780520102   430185            2   001   130326   00   000000   0   000000000000000   000   000000000000000   000   000000000000000      000000000007794966   000   000000007794966   0   0000000000   A   0   0000000000   A   000000   000000   000000000000000   000000000000000   0000A0000000
 002070   08204921002   400101            2   008   130326   00   000000   0   000000000000000   000   000000000000000   000   000000000000000      000000000036608266   000   000000292866128   0   0000000000   A   0   0000000000   A   000000   000000   000000000000000   000000000000000   0000A0000000
 002070   00000000000   430171            2   003   200326   00   000000   0   000000000000000   000   000000000000000   000   000000000000000      000000000022133464   000   000000066400392   0   0000000000   A   0   0000000000   A   000000   000000   000000000000000   000000000000000   0000A0000000
 002070   61613606303   430171            2   001   260326   00   000000   0   000000000000000   000   000000000000000   000   000000000000000      000000000022133464   000   000000022133464   0   0000000000   A   0   0000000000   A   000000   000000   000000000000000   000000000000000   0000A0000000
 002070   63008261701   430171            2   001   300326   00   000000   0   000000000000000   000   000000000000000   000   000000000000000      000000000022133464   000   000000022133464   0   0000000000   A   0   0000000000   A   000000   000000   000000000000000   000000000000000   0000A0000000
 002070   00000000000   130204            2   001   210326   00   000000   0   000000000000000   000   000000000000000   000   000000000000000      000000000031400688   000   000000031400688   0   0000000000   A   0   0000000000   A   000000   000000   000000000000000   000000000000000   0000A0000000
 002070   61613606303   100709            2   001   260326   00   000000   0   000000000000000   000   000000000000000   000   000000000000000      000000000021052734   000   000000021052734   0   0000000000   A   0   0000000000   A   000000   000000   000000000000000   000000000000000   0000A0000000
 002070   63008261701   080203            2   001   300326   00   000000   0   000000000000000   000   000000000000000   000   000000000000000      000000000039250860   000   000000039250860   0   0000000000   A   0   0000000000   A   000000   000000   000000000000000   000000000000000   0000A0000000
 002070   63008261701   431101            2   001   300326   00   000000   0   000000000000000   000   000000000000000   000   000000000000000      000000000001122481   000   000000001122481   0   0000000000   A   0   0000000000   A   000000   000000   000000000000000   000000000000000   0000A0000000
 002070   00000000000   930306            2   001   210326   00   000000   0   000000000000000   000   000000000000000   000   000000000000000      000000000003420873   000   000000003420873   0   0000000000   A   0   0000000000   A   000000   000000   000000000000000   000000000000000   0000A0000000
 002070   00000000000   930306            2   001   210326   00   000000   0   000000000000000   000   000000000000000   000   000000000000000      000000000000550169   000   000000000550169   0   0000000000   A   0   0000000000   A   000000   000000   000000000000000   000000000000000   0000A0000000
 002070   00000000000   015010            2   001   210326   00   000000   0   000000000000000   000   000000000000000   000   000000000000000      000000000001642500   000   000000001642500   0   0000000000   A   0   0000000000   A   000000   000000   000000000000000   000000000000000   0000A0000000
 002070   00000000000   018163            2   001   210326   00   000000   0   000000000000000   000   000000000000000   000   000000000000000      000000000001404360   000   000000001404360   0   0000000000   A   0   0000000000   A   000000   000000   000000000000000   000000000000000   0000A0000000
 002070   00000000000   055439            2   001   210326   00   000000   0   000000000000000   000   000000000000000   000   000000000000000      000000000003723915   000   000000003723915   0   0000000000   A   0   0000000000   A   000000   000000   000000000000000   000000000000000   0000A0000000
 002070   61613606303   055439            2   003   260326   00   000000   0   000000000000000   000   000000000000000   000   000000000000000      000000000003723915   000   000000011171744   0   0000000000   A   0   0000000000   A   000000   000000   000000000000000   000000000000000   0000A0000000
 002070   61613606303   057916            2   001   260326   00   000000   0   000000000000000   000   000000000000000   000   000000000000000      000000000003463200   000   000000003463200   0   0000000000   A   0   0000000000   A   000000   000000   000000000000000   000000000000000   0000A0000000
 002070   61613606303   031837            2   001   260326   00   000000   0   000000000000000   000   000000000000000   000   000000000000000      000000000001197802   000   000000001197802   0   0000000000   A   0   0000000000   A   000000   000000   000000000000000   000000000000000   0000A0000000
 002070   61613606303   045332            2   001   260326   00   000000   0   000000000000000   000   000000000000000   000   000000000000000      000000000001517451   000   000000001517451   0   0000000000   A   0   0000000000   A   000000   000000   000000000000000   000000000000000   0000A0000000
 002070   61613606303   034031            2   001   260326   00   000000   0   000000000000000   000   000000000000000   000   000000000000000      000000000001143847   000   000000001143847   0   0000000000   A   0   0000000000   A   000000   000000   000000000000000   000000000000000   0000A0000000
 002070   61613606303   058606            2   002   260326   00   000000   0   000000000000000   000   000000000000000   000   000000000000000      000000000000433987   000   000000000867974   0   0000000000   A   0   0000000000   A   000000   000000   000000000000000   000000000000000   0000A0000000
 002070   61613606303   058373            2   001   260326   00   000000   0   000000000000000   000   000000000000000   000   000000000000000      000000000000353019   000   000000000353019   0   0000000000   A   0   0000000000   A   000000   000000   000000000000000   000000000000000   0000A0000000
 002070   61613606303   930306            2   005   260326   00   000000   0   000000000000000   000   000000000000000   000   000000000000000      000000000000047855   000   000000000239274   0   0000000000   A   0   0000000000   A   000000   000000   000000000000000   000000000000000   0000A0000000
 002070   61613606303   930306            2   001   260326   00   000000   0   000000000000000   000   000000000000000   000   000000000000000      000000000003420873   000   000000003420873   0   0000000000   A   0   0000000000   A   000000   000000   000000000000000   000000000000000   0000A0000000
 002070   63008261701   930306            2   001   300326   00   000000   0   000000000000000   000   000000000000000   000   000000000000000      000000000005040000   000   000000005040000   0   0000000000   A   0   0000000000   A   000000   000000   000000000000000   000000000000000   0000A0000000
 002070   63008261701   020172            2   001   300326   00   000000   0   000000000000000   000   000000000000000   000   000000000000000      000000000003257179   000   000000003257179   0   0000000000   A   0   0000000000   A   000000   000000   000000000000000   000000000000000   0000A0000000
 002070   63008261701   052001            2   001   300326   00   000000   0   000000000000000   000   000000000000000   000   000000000000000      000000000003165734   000   000000003165734   0   0000000000   A   0   0000000000   A   000000   000000   000000000000000   000000000000000   0000A0000000
 002070   63008261701   055439            2   003   300326   00   000000   0   000000000000000   000   000000000000000   000   000000000000000      000000000003723915   000   000000011171744   0   0000000000   A   0   0000000000   A   000000   000000   000000000000000   000000000000000   0000A0000000
 002070   63008261701   014916            2   030   300326   00   000000   0   000000000000000   000   000000000000000   000   000000000000000      000000000000165190   000   000000004955688   0   0000000000   A   0   0000000000   A   000000   000000   000000000000000   000000000000000   0000A0000000
 002070   63008261701   019428            2   001   300326   00   000000   0   000000000000000   000   000000000000000   000   000000000000000      000000000000418435   000   000000000418435   0   0000000000   A   0   0000000000   A   000000   000000   000000000000000   000000000000000   0000A0000000
 002070   63008261701   060196            2   001   300326   00   000000   0   000000000000000   000   000000000000000   000   000000000000000      000000000001657198   000   000000001657198   0   0000000000   A   0   0000000000   A   000000   000000   000000000000000   000000000000000   0000A0000000
 002070   63008261701   058689            2   001   300326   00   000000   0   000000000000000   000   000000000000000   000   000000000000000      000000000003503563   000   000000003503563   0   0000000000   A   0   0000000000   A   000000   000000   000000000000000   000000000000000   0000A0000000
 002070   63008261701   045332            2   001   300326   00   000000   0   000000000000000   000   000000000000000   000   000000000000000      000000000001517451   000   000000001517451   0   0000000000   A   0   0000000000   A   000000   000000   000000000000000   000000000000000   0000A0000000
 002070   63008261701   034031            2   001   300326   00   000000   0   000000000000000   000   000000000000000   000   000000000000000      000000000001143847   000   000000001143847   0   0000000000   A   0   0000000000   A   000000   000000   000000000000000   000000000000000   0000A0000000
 002070   63008261701   058606            2   002   300326   00   000000   0   000000000000000   000   000000000000000   000   000000000000000      000000000000433987   000   000000000867974   0   0000000000   A   0   0000000000   A   000000   000000   000000000000000   000000000000000   0000A0000000
 002070   63008261701   058373            2   001   300326   00   000000   0   000000000000000   000   000000000000000   000   000000000000000      000000000000353019   000   000000000353019   0   0000000000   A   0   0000000000   A   000000   000000   000000000000000   000000000000000   0000A0000000
 002070   63008261701   049924            2   001   300326   00   000000   0   000000000000000   000   000000000000000   000   000000000000000      000000000001412419   000   000000001412419   0   0000000000   A   0   0000000000   A   000000   000000   000000000000000   000000000000000   0000A0000000
 002070   63008261701   018910            2   004   300326   00   000000   0   000000000000000   000   000000000000000   000   000000000000000      000000000001728186   000   000000006912742   0   0000000000   A   0   0000000000   A   000000   000000   000000000000000   000000000000000   0000A0000000
 002070   63008261701   930306            2   005   300326   00   000000   0   000000000000000   000   000000000000000   000   000000000000000      000000000000047855   000   000000000239274   0   0000000000   A   0   0000000000   A   000000   000000   000000000000000   000000000000000   0000A0000000
 002070   63008261701   930306            2   001   300326   00   000000   0   000000000000000   000   000000000000000   000   000000000000000      000000000003420873   000   000000003420873   0   0000000000   A   0   0000000000   A   000000   000000   000000000000000   000000000000000   0000A0000000
 002070   63008261701   930306            2   001   020326   00   000000   0   000000000000000   000   000000000000000   000   000000000000000      000000000000382801   000   000000000382801   0   0000000000   A   0   0000000000   A   000000   000000   000000000000000   000000000000000   0000A0000000
 002070   63008261701   930306            2   001   020326   00   000000   0   000000000000000   000   000000000000000   000   000000000000000      000000000000381150   000   000000000381150   0   0000000000   A   0   0000000000   A   000000   000000   000000000000000   000000000000000   0000A0000000
 002070   63008261701   930306            2   001   020326   00   000000   0   000000000000000   000   000000000000000   000   000000000000000      000000000000168489   000   000000000168489   0   0000000000   A   0   0000000000   A   000000   000000   000000000000000   000000000000000   0000A0000000
 002070   63008261701   930306            2   001   020326   00   000000   0   000000000000000   000   000000000000000   000   000000000000000      000000000000381150   000   000000000381150   0   0000000000   A   0   0000000000   A   000000   000000   000000000000000   000000000000000   0000A0000000
 002070   63008261701   055439            2   001   020326   00   000000   0   000000000000000   000   000000000000000   000   000000000000000      000000000003723915   000   000000003723915   0   0000000000   A   0   0000000000   A   000000   000000   000000000000000   000000000000000   0000A0000000
 002070   63008261701   930306            2   001   020326   00   000000   0   000000000000000   000   000000000000000   000   000000000000000      000000000000193991   000   000000000193991   0   0000000000   A   0   0000000000   A   000000   000000   000000000000000   000000000000000   0000A0000000
 002070   63008261701   930306            2   002   020326   00   000000   0   000000000000000   000   000000000000000   000   000000000000000      000000000000156545   000   000000000313090   0   0000000000   A   0   0000000000   A   000000   000000   000000000000000   000000000000000   0000A0000000
 002070   63008261701   930306            2   006   020326   00   000000   0   000000000000000   000   000000000000000   000   000000000000000      000000000000047855   000   000000000287129   0   0000000000   A   0   0000000000   A   000000   000000   000000000000000   000000000000000   0000A0000000
 002070   63008261701   058373            2   001   020326   00   000000   0   000000000000000   000   000000000000000   000   000000000000000      000000000000353019   000   000000000353019   0   0000000000   A   0   0000000000   A   000000   000000   000000000000000   000000000000000   0000A0000000
 002070   63008261701   029366            2   001   020326   00   000000   0   000000000000000   000   000000000000000   000   000000000000000      000000000000488976   000   000000000488976   0   0000000000   A   0   0000000000   A   000000   000000   000000000000000   000000000000000   0000A0000000
 002070   63008261701   930306            2   001   020326   00   000000   0   000000000000000   000   000000000000000   000   000000000000000      000000000000452970   000   000000000452970   0   0000000000   A   0   0000000000   A   000000   000000   000000000000000   000000000000000   0000A0000000
 002070   63008261701   053986            2   001   020326   00   000000   0   000000000000000   000   000000000000000   000   000000000000000      000000000000238054   000   000000000238054   0   0000000000   A   0   0000000000   A   000000   000000   000000000000000   000000000000000   0000A0000000
 002070   63008261701   029366            2   001   030326   00   000000   0   000000000000000   000   000000000000000   000   000000000000000      000000000000488976   000   000000000488976   0   0000000000   A   0   0000000000   A   000000   000000   000000000000000   000000000000000   0000A0000000
 002070   63008261701   059442            2   001   030326   00   000000   0   000000000000000   000   000000000000000   000   000000000000000      000000000001141863   000   000000001141863   0   0000000000   A   0   0000000000   A   000000   000000   000000000000000   000000000000000   0000A0000000
 002070   63008261701   056438            2   002   030326   00   000000   0   000000000000000   000   000000000000000   000   000000000000000      000000000001743854   000   000000003487709   0   0000000000   A   0   0000000000   A   000000   000000   000000000000000   000000000000000   0000A0000000
 002070   63008261701   053986            2   001   030326   00   000000   0   000000000000000   000   000000000000000   000   000000000000000      000000000000238054   000   000000000238054   0   0000000000   A   0   0000000000   A   000000   000000   000000000000000   000000000000000   0000A0000000
 002070   63008261701   059442            2   001   030326   00   000000   0   000000000000000   000   000000000000000   000   000000000000000      000000000001141863   000   000000001141863   0   0000000000   A   0   0000000000   A   000000   000000   000000000000000   000000000000000   0000A0000000
 002070   63008261701   018168            2   001   030326   00   000000   0   000000000000000   000   000000000000000   000   000000000000000      000000000000848700   000   000000000848700   0   0000000000   A   0   0000000000   A   000000   000000   000000000000000   000000000000000   0000A0000000
 002070   63008261701   055439            2   002   030326   00   000000   0   000000000000000   000   000000000000000   000   000000000000000      000000000003723914   000   000000007447829   0   0000000000   A   0   0000000000   A   000000   000000   000000000000000   000000000000000   0000A0000000
 002070   63008261701   053986            2   001   030326   00   000000   0   000000000000000   000   000000000000000   000   000000000000000      000000000000238054   000   000000000238054   0   0000000000   A   0   0000000000   A   000000   000000   000000000000000   000000000000000   0000A0000000
 002070   63008261701   029366            2   003   030326   00   000000   0   000000000000000   000   000000000000000   000   000000000000000      000000000000488976   000   000000001466929   0   0000000000   A   0   0000000000   A   000000   000000   000000000000000   000000000000000   0000A0000000
 002070   63008261701   058373            2   003   030326   00   000000   0   000000000000000   000   000000000000000   000   000000000000000      000000000000353019   000   000000001059056   0   0000000000   A   0   0000000000   A   000000   000000   000000000000000   000000000000000   0000A0000000
 002070   63008261701   055439            2   003   030326   00   000000   0   000000000000000   000   000000000000000   000   000000000000000      000000000003723915   000   000000011171744   0   0000000000   A   0   0000000000   A   000000   000000   000000000000000   000000000000000   0000A0000000
 002070   63008261701   059442            2   003   030326   00   000000   0   000000000000000   000   000000000000000   000   000000000000000      000000000001141863   000   000000003425590   0   0000000000   A   0   0000000000   A   000000   000000   000000000000000   000000000000000   0000A0000000
 002070   63008261701   056438            2   004   030326   00   000000   0   000000000000000   000   000000000000000   000   000000000000000      000000000001743854   000   000000006975418   0   0000000000   A   0   0000000000   A   000000   000000   000000000000000   000000000000000   0000A0000000
 002070   63008261701   018693            2   001   030326   00   000000   0   000000000000000   000   000000000000000   000   000000000000000      000000000007268572   000   000000007268572   0   0000000000   A   0   0000000000   A   000000   000000   000000000000000   000000000000000   0000A0000000
 002070   63008261701   930306            2   003   030326   00   000000   0   000000000000000   000   000000000000000   000   000000000000000      000000000000047855   000   000000000143564   0   0000000000   A   0   0000000000   A   000000   000000   000000000000000   000000000000000   0000A0000000
 002070   63008261701   053986            2   001   030326   00   000000   0   000000000000000   000   000000000000000   000   000000000000000      000000000000238054   000   000000000238054   0   0000000000   A   0   0000000000   A   000000   000000   000000000000000   000000000000000   0000A0000000
 002070   63008261701   053986            2   001   040326   00   000000   0   000000000000000   000   000000000000000   000   000000000000000      000000000000238054   000   000000000238054   0   0000000000   A   0   0000000000   A   000000   000000   000000000000000   000000000000000   0000A0000000
 002070   63008261701   029366            2   003   040326   00   000000   0   000000000000000   000   000000000000000   000   000000000000000      000000000000488976   000   000000001466929   0   0000000000   A   0   0000000000   A   000000   000000   000000000000000   000000000000000   0000A0000000
 002070   63008261701   058373            2   003   040326   00   000000   0   000000000000000   000   000000000000000   000   000000000000000      000000000000353019   000   000000001059056   0   0000000000   A   0   0000000000   A   000000   000000   000000000000000   000000000000000   0000A0000000
 002070   63008261701   055439            2   003   040326   00   000000   0   000000000000000   000   000000000000000   000   000000000000000      000000000003723915   000   000000011171744   0   0000000000   A   0   0000000000   A   000000   000000   000000000000000   000000000000000   0000A0000000
 002070   63008261701   059442            2   003   040326   00   000000   0   000000000000000   000   000000000000000   000   000000000000000      000000000001141863   000   000000003425590   0   0000000000   A   0   0000000000   A   000000   000000   000000000000000   000000000000000   0000A0000000
 002070   63008261701   056438            2   004   040326   00   000000   0   000000000000000   000   000000000000000   000   000000000000000      000000000001743854   000   000000006975418   0   0000000000   A   0   0000000000   A   000000   000000   000000000000000   000000000000000   0000A0000000
 002070   63008261701   018693            2   001   040326   00   000000   0   000000000000000   000   000000000000000   000   000000000000000      000000000007268572   000   000000007268572   0   0000000000   A   0   0000000000   A   000000   000000   000000000000000   000000000000000   0000A0000000
 002070   63008261701   930306            2   001   040326   00   000000   0   000000000000000   000   000000000000000   000   000000000000000      000000000000382801   000   000000000382801   0   0000000000   A   0   0000000000   A   000000   000000   000000000000000   000000000000000   0000A0000000
 002070   63008261701   930306            2   001   040326   00   000000   0   000000000000000   000   000000000000000   000   000000000000000      000000000000382801   000   000000000382801   0   0000000000   A   0   0000000000   A   000000   000000   000000000000000   000000000000000   0000A0000000
 002070   63008261701   930306            2   001   040326   00   000000   0   000000000000000   000   000000000000000   000   000000000000000      000000000000381150   000   000000000381150   0   0000000000   A   0   0000000000   A   000000   000000   000000000000000   000000000000000   0000A0000000
 002070   63008261701   059442            2   001   050326   00   000000   0   000000000000000   000   000000000000000   000   000000000000000      000000000001141863   000   000000001141863   0   0000000000   A   0   0000000000   A   000000   000000   000000000000000   000000000000000   0000A0000000
 002070   63008261701   029366            2   003   050326   00   000000   0   000000000000000   000   000000000000000   000   000000000000000      000000000000488976   000   000000001466929   0   0000000000   A   0   0000000000   A   000000   000000   000000000000000   000000000000000   0000A0000000
 002070   63008261701   058373            2   003   050326   00   000000   0   000000000000000   000   000000000000000   000   000000000000000      000000000000353019   000   000000001059056   0   0000000000   A   0   0000000000   A   000000   000000   000000000000000   000000000000000   0000A0000000
 002070   63008261701   018693            2   001   050326   00   000000   0   000000000000000   000   000000000000000   000   000000000000000      000000000007268572   000   000000007268572   0   0000000000   A   0   0000000000   A   000000   000000   000000000000000   000000000000000   0000A0000000
 002070   63008261701   056438            2   008   050326   00   000000   0   000000000000000   000   000000000000000   000   000000000000000      000000000001743854   000   000000013950835   0   0000000000   A   0   0000000000   A   000000   000000   000000000000000   000000000000000   0000A0000000
 002070   63008261701   055439            2   001   050326   00   000000   0   000000000000000   000   000000000000000   000   000000000000000      000000000003723915   000   000000003723915   0   0000000000   A   0   0000000000   A   000000   000000   000000000000000   000000000000000   0000A0000000
 002070   63008261701   059442            2   002   050326   00   000000   0   000000000000000   000   000000000000000   000   000000000000000      000000000001141864   000   000000002283727   0   0000000000   A   0   0000000000   A   000000   000000   000000000000000   000000000000000   0000A0000000
 002070   63008261701   930306            2   001   050326   00   000000   0   000000000000000   000   000000000000000   000   000000000000000      000000000001184071   000   000000001184071   0   0000000000   A   0   0000000000   A   000000   000000   000000000000000   000000000000000   0000A0000000
 002070   63008261701   029366            2   003   060326   00   000000   0   000000000000000   000   000000000000000   000   000000000000000      000000000000488976   000   000000001466929   0   0000000000   A   0   0000000000   A   000000   000000   000000000000000   000000000000000   0000A0000000
 002070   63008261701   058373            2   003   060326   00   000000   0   000000000000000   000   000000000000000   000   000000000000000      000000000000353019   000   000000001059056   0   0000000000   A   0   0000000000   A   000000   000000   000000000000000   000000000000000   0000A0000000
 002070   63008261701   018693            2   001   060326   00   000000   0   000000000000000   000   000000000000000   000   000000000000000      000000000007268572   000   000000007268572   0   0000000000   A   0   0000000000   A   000000   000000   000000000000000   000000000000000   0000A0000000
 002070   63008261701   056438            2   004   060326   00   000000   0   000000000000000   000   000000000000000   000   000000000000000      000000000001743854   000   000000006975418   0   0000000000   A   0   0000000000   A   000000   000000   000000000000000   000000000000000   0000A0000000
 002070   63008261701   055439            2   001   060326   00   000000   0   000000000000000   000   000000000000000   000   000000000000000      000000000003723915   000   000000003723915   0   0000000000   A   0   0000000000   A   000000   000000   000000000000000   000000000000000   0000A0000000
 002070   63008261701   059442            2   001   060326   00   000000   0   000000000000000   000   000000000000000   000   000000000000000      000000000001141863   000   000000001141863   0   0000000000   A   0   0000000000   A   000000   000000   000000000000000   000000000000000   0000A0000000
 002070   63008261701   056438            2   001   070326   00   000000   0   000000000000000   000   000000000000000   000   000000000000000      000000000001743854   000   000000001743854   0   0000000000   A   0   0000000000   A   000000   000000   000000000000000   000000000000000   0000A0000000
 002070   63008261701   018693            2   002   070326   00   000000   0   000000000000000   000   000000000000000   000   000000000000000      000000000007268572   000   000000014537144   0   0000000000   A   0   0000000000   A   000000   000000   000000000000000   000000000000000   0000A0000000
 002070   63008261701   058373            2   004   070326   00   000000   0   000000000000000   000   000000000000000   000   000000000000000      000000000000353019   000   000000001412075   0   0000000000   A   0   0000000000   A   000000   000000   000000000000000   000000000000000   0000A0000000
 002070   63008261701   029366            2   004   070326   00   000000   0   000000000000000   000   000000000000000   000   000000000000000      000000000000488976   000   000000001955905   0   0000000000   A   0   0000000000   A   000000   000000   000000000000000   000000000000000   0000A0000000
 002070   63008261701   059442            2   002   070326   00   000000   0   000000000000000   000   000000000000000   000   000000000000000      000000000001141864   000   000000002283727   0   0000000000   A   0   0000000000   A   000000   000000   000000000000000   000000000000000   0000A0000000
 002070   63008261701   018693            2   001   090326   00   000000   0   000000000000000   000   000000000000000   000   000000000000000      000000000007268572   000   000000007268572   0   0000000000   A   0   0000000000   A   000000   000000   000000000000000   000000000000000   0000A0000000
 002070   63008261701   930306            2   001   090326   00   000000   0   000000000000000   000   000000000000000   000   000000000000000      000000000000382801   000   000000000382801   0   0000000000   A   0   0000000000   A   000000   000000   000000000000000   000000000000000   0000A0000000
 002070   63008261701   930306            2   001   090326   00   000000   0   000000000000000   000   000000000000000   000   000000000000000      000000000000382801   000   000000000382801   0   0000000000   A   0   0000000000   A   000000   000000   000000000000000   000000000000000   0000A0000000
 002070   08204921002   930306            2   001   130326   00   000000   0   000000000000000   000   000000000000000   000   000000000000000      000000000000382801   000   000000000382801   0   0000000000   A   0   0000000000   A   000000   000000   000000000000000   000000000000000   0000A0000000
 002070   08204921002   930306            2   001   130326   00   000000   0   000000000000000   000   000000000000000   000   000000000000000      000000000000381150   000   000000000381150   0   0000000000   A   0   0000000000   A   000000   000000   000000000000000   000000000000000   0000A0000000
 002070   08204921002   930306            2   001   130326   00   000000   0   000000000000000   000   000000000000000   000   000000000000000      000000000000168489   000   000000000168489   0   0000000000   A   0   0000000000   A   000000   000000   000000000000000   000000000000000   0000A0000000
 002070   08204921002   930306            2   001   130326   00   000000   0   000000000000000   000   000000000000000   000   000000000000000      000000000000381150   000   000000000381150   0   0000000000   A   0   0000000000   A   000000   000000   000000000000000   000000000000000   0000A0000000
 002070   08204921002   055439            2   001   130326   00   000000   0   000000000000000   000   000000000000000   000   000000000000000      000000000003723915   000   000000003723915   0   0000000000   A   0   0000000000   A   000000   000000   000000000000000   000000000000000   0000A0000000
 002070   08204921002   930306            2   003   130326   00   000000   0   000000000000000   000   000000000000000   000   000000000000000      000000000000047855   000   000000000143564   0   0000000000   A   0   0000000000   A   000000   000000   000000000000000   000000000000000   0000A0000000
 002070   08204921002   930306            2   001   130326   00   000000   0   000000000000000   000   000000000000000   000   000000000000000      000000000000666201   000   000000000666201   0   0000000000   A   0   0000000000   A   000000   000000   000000000000000   000000000000000   0000A0000000
 002070   08204921002   930306            2   001   130326   00   000000   0   000000000000000   000   000000000000000   000   000000000000000      000000000000381150   000   000000000381150   0   0000000000   A   0   0000000000   A   000000   000000   000000000000000   000000000000000   0000A0000000
 002070   08204921002   930306            2   001   130326   00   000000   0   000000000000000   000   000000000000000   000   000000000000000      000000000004095457   000   000000004095457   0   0000000000   A   0   0000000000   A   000000   000000   000000000000000   000000000000000   0000A0000000
 002070   08204921002   930306            2   001   140326   00   000000   0   000000000000000   000   000000000000000   000   000000000000000      000000000000047855   000   000000000047855   0   0000000000   A   0   0000000000   A   000000   000000   000000000000000   000000000000000   0000A0000000
 002070   08204921002   029366            2   001   140326   00   000000   0   000000000000000   000   000000000000000   000   000000000000000      000000000000488976   000   000000000488976   0   0000000000   A   0   0000000000   A   000000   000000   000000000000000   000000000000000   0000A0000000
 002070   08204921002   930306            2   001   140326   00   000000   0   000000000000000   000   000000000000000   000   000000000000000      000000000000193991   000   000000000193991   0   0000000000   A   0   0000000000   A   000000   000000   000000000000000   000000000000000   0000A0000000
 002070   08204921002   018158            2   001   140326   00   000000   0   000000000000000   000   000000000000000   000   000000000000000      000000000000928080   000   000000000928080   0   0000000000   A   0   0000000000   A   000000   000000   000000000000000   000000000000000   0000A0000000
 002070   08204921002   056852            2   001   140326   00   000000   0   000000000000000   000   000000000000000   000   000000000000000      000000000003789593   000   000000003789593   0   0000000000   A   0   0000000000   A   000000   000000   000000000000000   000000000000000   0000A0000000
 002070   08204921002   014931            2   001   140326   00   000000   0   000000000000000   000   000000000000000   000   000000000000000      000000000000747219   000   000000000747219   0   0000000000   A   0   0000000000   A   000000   000000   000000000000000   000000000000000   0000A0000000
 002070   08204921002   018158            2   002   140326   00   000000   0   000000000000000   000   000000000000000   000   000000000000000      000000000000928080   000   000000001856160   0   0000000000   A   0   0000000000   A   000000   000000   000000000000000   000000000000000   0000A0000000
 002070   08204921002   056852            2   002   140326   00   000000   0   000000000000000   000   000000000000000   000   000000000000000      000000000003789593   000   000000007579186   0   0000000000   A   0   0000000000   A   000000   000000   000000000000000   000000000000000   0000A0000000
 002070   08204921002   055439            2   002   140326   00   000000   0   000000000000000   000   000000000000000   000   000000000000000      000000000003723914   000   000000007447829   0   0000000000   A   0   0000000000   A   000000   000000   000000000000000   000000000000000   0000A0000000
 002070   08204921002   029366            2   006   140326   00   000000   0   000000000000000   000   000000000000000   000   000000000000000      000000000000488976   000   000000002933858   0   0000000000   A   0   0000000000   A   000000   000000   000000000000000   000000000000000   0000A0000000
 002070   08204921002   058373            2   006   140326   00   000000   0   000000000000000   000   000000000000000   000   000000000000000      000000000000353019   000   000000002118112   0   0000000000   A   0   0000000000   A   000000   000000   000000000000000   000000000000000   0000A0000000
 002070   08204921002   029366            2   001   140326   00   000000   0   000000000000000   000   000000000000000   000   000000000000000      000000000000488976   000   000000000488976   0   0000000000   A   0   0000000000   A   000000   000000   000000000000000   000000000000000   0000A0000000
 002070   08204921002   053986            2   001   140326   00   000000   0   000000000000000   000   000000000000000   000   000000000000000      000000000000238054   000   000000000238054   0   0000000000   A   0   0000000000   A   000000   000000   000000000000000   000000000000000   0000A0000000
 002070   08204921002   053986            2   001   140326   00   000000   0   000000000000000   000   000000000000000   000   000000000000000      000000000000238054   000   000000000238054   0   0000000000   A   0   0000000000   A   000000   000000   000000000000000   000000000000000   0000A0000000
 002070   08204921002   930306            2   001   140326   00   000000   0   000000000000000   000   000000000000000   000   000000000000000      000000000001184071   000   000000001184071   0   0000000000   A   0   0000000000   A   000000   000000   000000000000000   000000000000000   0000A0000000
 002070   08204921002   028659            2   001   140326   00   000000   0   000000000000000   000   000000000000000   000   000000000000000      000000000000998332   000   000000000998332   0   0000000000   A   0   0000000000   A   000000   000000   000000000000000   000000000000000   0000A0000000
 002070   08204921002   930306            2   003   150326   00   000000   0   000000000000000   000   000000000000000   000   000000000000000      000000000000047855   000   000000000143564   0   0000000000   A   0   0000000000   A   000000   000000   000000000000000   000000000000000   0000A0000000
 002070   08204921002   930306            2   001   150326   00   000000   0   000000000000000   000   000000000000000   000   000000000000000      000000000000382801   000   000000000382801   0   0000000000   A   0   0000000000   A   000000   000000   000000000000000   000000000000000   0000A0000000
 002070   08204921002   930306            2   003   150326   00   000000   0   000000000000000   000   000000000000000   000   000000000000000      000000000000047855   000   000000000143564   0   0000000000   A   0   0000000000   A   000000   000000   000000000000000   000000000000000   0000A0000000
 002070   08204921002   058606            2   001   150326   00   000000   0   000000000000000   000   000000000000000   000   000000000000000      000000000000433987   000   000000000433987   0   0000000000   A   0   0000000000   A   000000   000000   000000000000000   000000000000000   0000A0000000
 002070   08204921002   930306            2   001   150326   00   000000   0   000000000000000   000   000000000000000   000   000000000000000      000000000000381150   000   000000000381150   0   0000000000   A   0   0000000000   A   000000   000000   000000000000000   000000000000000   0000A0000000
 002070   08204921002   930306            2   001   150326   00   000000   0   000000000000000   000   000000000000000   000   000000000000000      000000000004095457   000   000000004095457   0   0000000000   A   0   0000000000   A   000000   000000   000000000000000   000000000000000   0000A0000000
 002070   08204921002   930306            2   001   150326   00   000000   0   000000000000000   000   000000000000000   000   000000000000000      000000000000381150   000   000000000381150   0   0000000000   A   0   0000000000   A   000000   000000   000000000000000   000000000000000   0000A0000000
 002070   08204921002   930306            2   001   150326   00   000000   0   000000000000000   000   000000000000000   000   000000000000000      000000000001184071   000   000000001184071   0   0000000000   A   0   0000000000   A   000000   000000   000000000000000   000000000000000   0000A0000000
 002070   08204921002   053986            2   001   150326   00   000000   0   000000000000000   000   000000000000000   000   000000000000000      000000000000238054   000   000000000238054   0   0000000000   A   0   0000000000   A   000000   000000   000000000000000   000000000000000   0000A0000000
 002070   08204921002   028659            2   001   150326   00   000000   0   000000000000000   000   000000000000000   000   000000000000000      000000000000998332   000   000000000998332   0   0000000000   A   0   0000000000   A   000000   000000   000000000000000   000000000000000   0000A0000000
 002070   08204921002   053986            2   001   150326   00   000000   0   000000000000000   000   000000000000000   000   000000000000000      000000000000238054   000   000000000238054   0   0000000000   A   0   0000000000   A   000000   000000   000000000000000   000000000000000   0000A0000000
 002070   08204921002   053986            2   001   150326   00   000000   0   000000000000000   000   000000000000000   000   000000000000000      000000000000238054   000   000000000238054   0   0000000000   A   0   0000000000   A   000000   000000   000000000000000   000000000000000   0000A0000000
 002070   08204921002   028659            2   001   160326   00   000000   0   000000000000000   000   000000000000000   000   000000000000000      000000000000998332   000   000000000998332   0   0000000000   A   0   0000000000   A   000000   000000   000000000000000   000000000000000   0000A0000000
 002070   08204921002   045886            2   001   160326   00   000000   0   000000000000000   000   000000000000000   000   000000000000000      000000000002900062   000   000000002900062   0   0000000000   A   0   0000000000   A   000000   000000   000000000000000   000000000000000   0000A0000000
 002070   08204921002   053609            2   001   160326   00   000000   0   000000000000000   000   000000000000000   000   000000000000000      000000000000498296   000   000000000498296   0   0000000000   A   0   0000000000   A   000000   000000   000000000000000   000000000000000   0000A0000000
 002070   08204921002   010055            2   001   160326   00   000000   0   000000000000000   000   000000000000000   000   000000000000000      000000000001545120   000   000000001545120   0   0000000000   A   0   0000000000   A   000000   000000   000000000000000   000000000000000   0000A0000000
 002070   08204921002   010055            2   001   160326   00   000000   0   000000000000000   000   000000000000000   000   000000000000000      000000000001545120   000   000000001545120   0   0000000000   A   0   0000000000   A   000000   000000   000000000000000   000000000000000   0000A0000000
 002070   08204921002   018158            2   001   160326   00   000000   0   000000000000000   000   000000000000000   000   000000000000000      000000000000928080   000   000000000928080   0   0000000000   A   0   0000000000   A   000000   000000   000000000000000   000000000000000   0000A0000000
 002070   08204921002   056852            2   001   160326   00   000000   0   000000000000000   000   000000000000000   000   000000000000000      000000000003789593   000   000000003789593   0   0000000000   A   0   0000000000   A   000000   000000   000000000000000   000000000000000   0000A0000000
 002070   08204921002   055439            2   001   160326   00   000000   0   000000000000000   000   000000000000000   000   000000000000000      000000000003723915   000   000000003723915   0   0000000000   A   0   0000000000   A   000000   000000   000000000000000   000000000000000   0000A0000000
 002070   08204921002   029366            2   003   160326   00   000000   0   000000000000000   000   000000000000000   000   000000000000000      000000000000488976   000   000000001466929   0   0000000000   A   0   0000000000   A   000000   000000   000000000000000   000000000000000   0000A0000000
 002070   08204921002   058373            2   003   160326   00   000000   0   000000000000000   000   000000000000000   000   000000000000000      000000000000353019   000   000000001059056   0   0000000000   A   0   0000000000   A   000000   000000   000000000000000   000000000000000   0000A0000000
 002070   08204921002   058606            2   001   160326   00   000000   0   000000000000000   000   000000000000000   000   000000000000000      000000000000433987   000   000000000433987   0   0000000000   A   0   0000000000   A   000000   000000   000000000000000   000000000000000   0000A0000000
 002070   08204921002   930306            2   003   160326   00   000000   0   000000000000000   000   000000000000000   000   000000000000000      000000000000047855   000   000000000143564   0   0000000000   A   0   0000000000   A   000000   000000   000000000000000   000000000000000   0000A0000000
 002070   08204921002   930306            2   001   160326   00   000000   0   000000000000000   000   000000000000000   000   000000000000000      000000000000381150   000   000000000381150   0   0000000000   A   0   0000000000   A   000000   000000   000000000000000   000000000000000   0000A0000000
 002070   08204921002   930306            2   001   160326   00   000000   0   000000000000000   000   000000000000000   000   000000000000000      000000000000168489   000   000000000168489   0   0000000000   A   0   0000000000   A   000000   000000   000000000000000   000000000000000   0000A0000000
 002070   08204921002   028659            2   001   160326   00   000000   0   000000000000000   000   000000000000000   000   000000000000000      000000000000998332   000   000000000998332   0   0000000000   A   0   0000000000   A   000000   000000   000000000000000   000000000000000   0000A0000000
 002070   08204921002   053986            2   001   160326   00   000000   0   000000000000000   000   000000000000000   000   000000000000000      000000000000238054   000   000000000238054   0   0000000000   A   0   0000000000   A   000000   000000   000000000000000   000000000000000   0000A0000000
 002070   08204921002   053986            2   001   170326   00   000000   0   000000000000000   000   000000000000000   000   000000000000000      000000000000238054   000   000000000238054   0   0000000000   A   0   0000000000   A   000000   000000   000000000000000   000000000000000   0000A0000000
 002070   08204921002   053986            2   001   170326   00   000000   0   000000000000000   000   000000000000000   000   000000000000000      000000000000238054   000   000000000238054   0   0000000000   A   0   0000000000   A   000000   000000   000000000000000   000000000000000   0000A0000000
 002070   08204921002   930306            2   001   170326   00   000000   0   000000000000000   000   000000000000000   000   000000000000000      000000000000381150   000   000000000381150   0   0000000000   A   0   0000000000   A   000000   000000   000000000000000   000000000000000   0000A0000000
 002070   08204921002   010055            2   001   170326   00   000000   0   000000000000000   000   000000000000000   000   000000000000000      000000000001545120   000   000000001545120   0   0000000000   A   0   0000000000   A   000000   000000   000000000000000   000000000000000   0000A0000000
 002070   08204921002   018158            2   001   170326   00   000000   0   000000000000000   000   000000000000000   000   000000000000000      000000000000928080   000   000000000928080   0   0000000000   A   0   0000000000   A   000000   000000   000000000000000   000000000000000   0000A0000000
 002070   08204921002   056852            2   001   170326   00   000000   0   000000000000000   000   000000000000000   000   000000000000000      000000000003789593   000   000000003789593   0   0000000000   A   0   0000000000   A   000000   000000   000000000000000   000000000000000   0000A0000000
 002070   08204921002   055439            2   001   170326   00   000000   0   000000000000000   000   000000000000000   000   000000000000000      000000000003723915   000   000000003723915   0   0000000000   A   0   0000000000   A   000000   000000   000000000000000   000000000000000   0000A0000000
 002070   08204921002   029366            2   003   170326   00   000000   0   000000000000000   000   000000000000000   000   000000000000000      000000000000488976   000   000000001466929   0   0000000000   A   0   0000000000   A   000000   000000   000000000000000   000000000000000   0000A0000000
 002070   08204921002   058373            2   003   170326   00   000000   0   000000000000000   000   000000000000000   000   000000000000000      000000000000353019   000   000000001059056   0   0000000000   A   0   0000000000   A   000000   000000   000000000000000   000000000000000   0000A0000000
 002070   08204921002   930306            2   001   170326   00   000000   0   000000000000000   000   000000000000000   000   000000000000000      000000000000382801   000   000000000382801   0   0000000000   A   0   0000000000   A   000000   000000   000000000000000   000000000000000   0000A0000000
 002070   08204921002   930306            2   003   170326   00   000000   0   000000000000000   000   000000000000000   000   000000000000000      000000000000047855   000   000000000143564   0   0000000000   A   0   0000000000   A   000000   000000   000000000000000   000000000000000   0000A0000000
 002070   08204921002   930306            2   001   170326   00   000000   0   000000000000000   000   000000000000000   000   000000000000000      000000000000381150   000   000000000381150   0   0000000000   A   0   0000000000   A   000000   000000   000000000000000   000000000000000   0000A0000000
 002070   08204921002   930306            2   001   170326   00   000000   0   000000000000000   000   000000000000000   000   000000000000000      000000000004095457   000   000000004095457   0   0000000000   A   0   0000000000   A   000000   000000   000000000000000   000000000000000   0000A0000000
 002070   08204921002   053986            2   001   170326   00   000000   0   000000000000000   000   000000000000000   000   000000000000000      000000000000238054   000   000000000238054   0   0000000000   A   0   0000000000   A   000000   000000   000000000000000   000000000000000   0000A0000000
 002070   08204921002   930306            2   001   170326   00   000000   0   000000000000000   000   000000000000000   000   000000000000000      000000000001184071   000   000000001184071   0   0000000000   A   0   0000000000   A   000000   000000   000000000000000   000000000000000   0000A0000000
 002070   08204921002   930306            2   001   170326   00   000000   0   000000000000000   000   000000000000000   000   000000000000000      000000000004095457   000   000000004095457   0   0000000000   A   0   0000000000   A   000000   000000   000000000000000   000000000000000   0000A0000000
 002070   08204921002   028659            2   001   170326   00   000000   0   000000000000000   000   000000000000000   000   000000000000000      000000000000998332   000   000000000998332   0   0000000000   A   0   0000000000   A   000000   000000   000000000000000   000000000000000   0000A0000000
 002070   08204921002   053986            2   001   170326   00   000000   0   000000000000000   000   000000000000000   000   000000000000000      000000000000238054   000   000000000238054   0   0000000000   A   0   0000000000   A   000000   000000   000000000000000   000000000000000   0000A0000000
 002070   08204921002   930306            2   001   170326   00   000000   0   000000000000000   000   000000000000000   000   000000000000000      000000000000156545   000   000000000156545   0   0000000000   A   0   0000000000   A   000000   000000   000000000000000   000000000000000   0000A0000000
 002070   08204921002   930306            2   001   170326   00   000000   0   000000000000000   000   000000000000000   000   000000000000000      000000000000452970   000   000000000452970   0   0000000000   A   0   0000000000   A   000000   000000   000000000000000   000000000000000   0000A0000000
 002070   08204921002   930306            2   002   180326   00   000000   0   000000000000000   000   000000000000000   000   000000000000000      000000000000047855   000   000000000095710   0   0000000000   A   0   0000000000   A   000000   000000   000000000000000   000000000000000   0000A0000000
 002070   08204921002   028659            2   001   180326   00   000000   0   000000000000000   000   000000000000000   000   000000000000000      000000000000998332   000   000000000998332   0   0000000000   A   0   0000000000   A   000000   000000   000000000000000   000000000000000   0000A0000000
 002070   08204921002   053986            2   001   180326   00   000000   0   000000000000000   000   000000000000000   000   000000000000000      000000000000238054   000   000000000238054   0   0000000000   A   0   0000000000   A   000000   000000   000000000000000   000000000000000   0000A0000000
 002070   08204921002   018158            2   001   180326   00   000000   0   000000000000000   000   000000000000000   000   000000000000000      000000000000928080   000   000000000928080   0   0000000000   A   0   0000000000   A   000000   000000   000000000000000   000000000000000   0000A0000000
 002070   08204921002   010055            2   001   180326   00   000000   0   000000000000000   000   000000000000000   000   000000000000000      000000000001545120   000   000000001545120   0   0000000000   A   0   0000000000   A   000000   000000   000000000000000   000000000000000   0000A0000000
 002070   08204921002   018168            2   001   180326   00   000000   0   000000000000000   000   000000000000000   000   000000000000000      000000000000848700   000   000000000848700   0   0000000000   A   0   0000000000   A   000000   000000   000000000000000   000000000000000   0000A0000000
 002070   08204921002   056852            2   001   180326   00   000000   0   000000000000000   000   000000000000000   000   000000000000000      000000000003789593   000   000000003789593   0   0000000000   A   0   0000000000   A   000000   000000   000000000000000   000000000000000   0000A0000000
 002070   08204921002   010055            2   001   180326   00   000000   0   000000000000000   000   000000000000000   000   000000000000000      000000000001545120   000   000000001545120   0   0000000000   A   0   0000000000   A   000000   000000   000000000000000   000000000000000   0000A0000000
 002070   08204921002   018158            2   001   180326   00   000000   0   000000000000000   000   000000000000000   000   000000000000000      000000000000928080   000   000000000928080   0   0000000000   A   0   0000000000   A   000000   000000   000000000000000   000000000000000   0000A0000000
 002070   08204921002   056852            2   001   180326   00   000000   0   000000000000000   000   000000000000000   000   000000000000000      000000000003789593   000   000000003789593   0   0000000000   A   0   0000000000   A   000000   000000   000000000000000   000000000000000   0000A0000000
 002070   08204921002   055439            2   001   180326   00   000000   0   000000000000000   000   000000000000000   000   000000000000000      000000000003723915   000   000000003723915   0   0000000000   A   0   0000000000   A   000000   000000   000000000000000   000000000000000   0000A0000000
 002070   08204921002   029366            2   003   180326   00   000000   0   000000000000000   000   000000000000000   000   000000000000000      000000000000488976   000   000000001466929   0   0000000000   A   0   0000000000   A   000000   000000   000000000000000   000000000000000   0000A0000000
 002070   08204921002   058373            2   003   180326   00   000000   0   000000000000000   000   000000000000000   000   000000000000000      000000000000353019   000   000000001059056   0   0000000000   A   0   0000000000   A   000000   000000   000000000000000   000000000000000   0000A0000000
 002070   08204921002   032590            2   001   180326   00   000000   0   000000000000000   000   000000000000000   000   000000000000000      000000000000671285   000   000000000671285   0   0000000000   A   0   0000000000   A   000000   000000   000000000000000   000000000000000   0000A0000000
 002070   08204921002   930306            2   003   180326   00   000000   0   000000000000000   000   000000000000000   000   000000000000000      000000000000047855   000   000000000143564   0   0000000000   A   0   0000000000   A   000000   000000   000000000000000   000000000000000   0000A0000000
 002070   08204921002   053986            2   001   180326   00   000000   0   000000000000000   000   000000000000000   000   000000000000000      000000000000238054   000   000000000238054   0   0000000000   A   0   0000000000   A   000000   000000   000000000000000   000000000000000   0000A0000000
 002070   08204921002   930306            2   003   180326   00   000000   0   000000000000000   000   000000000000000   000   000000000000000      000000000000047855   000   000000000143564   0   0000000000   A   0   0000000000   A   000000   000000   000000000000000   000000000000000   0000A0000000
 002070   08204921002   053986            2   001   180326   00   000000   0   000000000000000   000   000000000000000   000   000000000000000      000000000000238054   000   000000000238054   0   0000000000   A   0   0000000000   A   000000   000000   000000000000000   000000000000000   0000A0000000
 002070   08204921002   058606            2   001   180326   00   000000   0   000000000000000   000   000000000000000   000   000000000000000      000000000000433987   000   000000000433987   0   0000000000   A   0   0000000000   A   000000   000000   000000000000000   000000000000000   0000A0000000
 002070   08204921002   930306            2   003   190326   00   000000   0   000000000000000   000   000000000000000   000   000000000000000      000000000000047855   000   000000000143564   0   0000000000   A   0   0000000000   A   000000   000000   000000000000000   000000000000000   0000A0000000
 002070   08204921002   053986            2   001   190326   00   000000   0   000000000000000   000   000000000000000   000   000000000000000      000000000000238054   000   000000000238054   0   0000000000   A   0   0000000000   A   000000   000000   000000000000000   000000000000000   0000A0000000
 002070   08204921002   051780            2   002   190326   00   000000   0   000000000000000   000   000000000000000   000   000000000000000      000000000000161253   000   000000000322506   0   0000000000   A   0   0000000000   A   000000   000000   000000000000000   000000000000000   0000A0000000
 002070   08204921002   045717            2   004   190326   00   000000   0   000000000000000   000   000000000000000   000   000000000000000      000000000000032221   000   000000000128884   0   0000000000   A   0   0000000000   A   000000   000000   000000000000000   000000000000000   0000A0000000
 002070   08204921002   018158            2   001   190326   00   000000   0   000000000000000   000   000000000000000   000   000000000000000      000000000000928080   000   000000000928080   0   0000000000   A   0   0000000000   A   000000   000000   000000000000000   000000000000000   0000A0000000
 002070   08204921002   056852            2   001   190326   00   000000   0   000000000000000   000   000000000000000   000   000000000000000      000000000003789593   000   000000003789593   0   0000000000   A   0   0000000000   A   000000   000000   000000000000000   000000000000000   0000A0000000
 002070   08204921002   055439            2   001   190326   00   000000   0   000000000000000   000   000000000000000   000   000000000000000      000000000003723915   000   000000003723915   0   0000000000   A   0   0000000000   A   000000   000000   000000000000000   000000000000000   0000A0000000
 002070   08204921002   029366            2   003   190326   00   000000   0   000000000000000   000   000000000000000   000   000000000000000      000000000000488976   000   000000001466929   0   0000000000   A   0   0000000000   A   000000   000000   000000000000000   000000000000000   0000A0000000
 002070   08204921002   058373            2   003   190326   00   000000   0   000000000000000   000   000000000000000   000   000000000000000      000000000000353019   000   000000001059056   0   0000000000   A   0   0000000000   A   000000   000000   000000000000000   000000000000000   0000A0000000
 002070   08204921002   045717            2   004   190326   00   000000   0   000000000000000   000   000000000000000   000   000000000000000      000000000000032221   000   000000000128884   0   0000000000   A   0   0000000000   A   000000   000000   000000000000000   000000000000000   0000A0000000
 002070   08204921002   051780            2   002   190326   00   000000   0   000000000000000   000   000000000000000   000   000000000000000      000000000000161253   000   000000000322506   0   0000000000   A   0   0000000000   A   000000   000000   000000000000000   000000000000000   0000A0000000
 002070   08204921002   930306            2   003   190326   00   000000   0   000000000000000   000   000000000000000   000   000000000000000      000000000000320441   000   000000000961322   0   0000000000   A   0   0000000000   A   000000   000000   000000000000000   000000000000000   0000A0000000
 002070   08204921002   055443            2   001   190326   00   000000   0   000000000000000   000   000000000000000   000   000000000000000      000000000004765203   000   000000004765203   0   0000000000   A   0   0000000000   A   000000   000000   000000000000000   000000000000000   0000A0000000
 002070   08204921002   051780            2   001   190326   00   000000   0   000000000000000   000   000000000000000   000   000000000000000      000000000000161253   000   000000000161253   0   0000000000   A   0   0000000000   A   000000   000000   000000000000000   000000000000000   0000A0000000
 002070   08204921002   930306            2   002   190326   00   000000   0   000000000000000   000   000000000000000   000   000000000000000      000000000000382800   000   000000000765601   0   0000000000   A   0   0000000000   A   000000   000000   000000000000000   000000000000000   0000A0000000
 002070   08204921002   930306            2   003   190326   00   000000   0   000000000000000   000   000000000000000   000   000000000000000      000000000000381150   000   000000001143450   0   0000000000   A   0   0000000000   A   000000   000000   000000000000000   000000000000000   0000A0000000
 002070   08204921002   930306            2   001   190326   00   000000   0   000000000000000   000   000000000000000   000   000000000000000      000000000004095457   000   000000004095457   0   0000000000   A   0   0000000000   A   000000   000000   000000000000000   000000000000000   0000A0000000
 002070   08204921002   930306            2   001   190326   00   000000   0   000000000000000   000   000000000000000   000   000000000000000      000000000004095457   000   000000004095457   0   0000000000   A   0   0000000000   A   000000   000000   000000000000000   000000000000000   0000A0000000
 002070   08204921002   003875            2   001   190326   00   000000   0   000000000000000   000   000000000000000   000   000000000000000      000000000001510935   000   000000001510935   0   0000000000   A   0   0000000000   A   000000   000000   000000000000000   000000000000000   0000A0000000
 002070   08204921002   930306            2   003   190326   00   000000   0   000000000000000   000   000000000000000   000   000000000000000      000000000000047855   000   000000000143564   0   0000000000   A   0   0000000000   A   000000   000000   000000000000000   000000000000000   0000A0000000
 002070   08204921002   053986            2   001   190326   00   000000   0   000000000000000   000   000000000000000   000   000000000000000      000000000000238054   000   000000000238054   0   0000000000   A   0   0000000000   A   000000   000000   000000000000000   000000000000000   0000A0000000
 002070   08204921002   028659            2   001   190326   00   000000   0   000000000000000   000   000000000000000   000   000000000000000      000000000000998332   000   000000000998332   0   0000000000   A   0   0000000000   A   000000   000000   000000000000000   000000000000000   0000A0000000
 002070   08204921002   053986            2   001   200326   00   000000   0   000000000000000   000   000000000000000   000   000000000000000      000000000000238054   000   000000000238054   0   0000000000   A   0   0000000000   A   000000   000000   000000000000000   000000000000000   0000A0000000
 002070   08204921002   056852            2   001   200326   00   000000   0   000000000000000   000   000000000000000   000   000000000000000      000000000003789593   000   000000003789593   0   0000000000   A   0   0000000000   A   000000   000000   000000000000000   000000000000000   0000A0000000
 002070   08204921002   018158            2   001   200326   00   000000   0   000000000000000   000   000000000000000   000   000000000000000      000000000000928080   000   000000000928080   0   0000000000   A   0   0000000000   A   000000   000000   000000000000000   000000000000000   0000A0000000
 002070   08204921002   022583            2   001   200326   00   000000   0   000000000000000   000   000000000000000   000   000000000000000      000000000002016436   000   000000002016436   0   0000000000   A   0   0000000000   A   000000   000000   000000000000000   000000000000000   0000A0000000
 002070   08204921002   018158            2   001   200326   00   000000   0   000000000000000   000   000000000000000   000   000000000000000      000000000000928080   000   000000000928080   0   0000000000   A   0   0000000000   A   000000   000000   000000000000000   000000000000000   0000A0000000
 002070   08204921002   055439            2   001   200326   00   000000   0   000000000000000   000   000000000000000   000   000000000000000      000000000003723915   000   000000003723915   0   0000000000   A   0   0000000000   A   000000   000000   000000000000000   000000000000000   0000A0000000
 002070   08204921002   029366            2   003   200326   00   000000   0   000000000000000   000   000000000000000   000   000000000000000      000000000000488976   000   000000001466929   0   0000000000   A   0   0000000000   A   000000   000000   000000000000000   000000000000000   0000A0000000
 002070   08204921002   058373            2   003   200326   00   000000   0   000000000000000   000   000000000000000   000   000000000000000      000000000000353019   000   000000001059056   0   0000000000   A   0   0000000000   A   000000   000000   000000000000000   000000000000000   0000A0000000
 002070   08204921002   045717            2   004   200326   00   000000   0   000000000000000   000   000000000000000   000   000000000000000      000000000000032221   000   000000000128884   0   0000000000   A   0   0000000000   A   000000   000000   000000000000000   000000000000000   0000A0000000
 002070   08204921002   051780            2   003   200326   00   000000   0   000000000000000   000   000000000000000   000   000000000000000      000000000000161253   000   000000000483759   0   0000000000   A   0   0000000000   A   000000   000000   000000000000000   000000000000000   0000A0000000
 002070   08204921002   045332            2   004   200326   00   000000   0   000000000000000   000   000000000000000   000   000000000000000      000000000001517451   000   000000006069805   0   0000000000   A   0   0000000000   A   000000   000000   000000000000000   000000000000000   0000A0000000
 002070   08204921002   058606            2   003   200326   00   000000   0   000000000000000   000   000000000000000   000   000000000000000      000000000000433987   000   000000001301962   0   0000000000   A   0   0000000000   A   000000   000000   000000000000000   000000000000000   0000A0000000
 002070   08204921002   930306            2   003   200326   00   000000   0   000000000000000   000   000000000000000   000   000000000000000      000000000000047855   000   000000000143564   0   0000000000   A   0   0000000000   A   000000   000000   000000000000000   000000000000000   0000A0000000
 002070   08204921002   930306            2   001   200326   00   000000   0   000000000000000   000   000000000000000   000   000000000000000      000000000004095457   000   000000004095457   0   0000000000   A   0   0000000000   A   000000   000000   000000000000000   000000000000000   0000A0000000
 002070   08204921002   930306            2   001   200326   00   000000   0   000000000000000   000   000000000000000   000   000000000000000      000000000001184071   000   000000001184071   0   0000000000   A   0   0000000000   A   000000   000000   000000000000000   000000000000000   0000A0000000
 002070   08204921002   053986            2   001   200326   00   000000   0   000000000000000   000   000000000000000   000   000000000000000      000000000000238054   000   000000000238054   0   0000000000   A   0   0000000000   A   000000   000000   000000000000000   000000000000000   0000A0000000
 002070   08204921002   058606            2   001   200326   00   000000   0   000000000000000   000   000000000000000   000   000000000000000      000000000000433987   000   000000000433987   0   0000000000   A   0   0000000000   A   000000   000000   000000000000000   000000000000000   0000A0000000
 002070   08204921002   053986            2   001   200326   00   000000   0   000000000000000   000   000000000000000   000   000000000000000      000000000000238054   000   000000000238054   0   0000000000   A   0   0000000000   A   000000   000000   000000000000000   000000000000000   0000A0000000
 002070   00000000000   029366            2   001   200326   00   000000   0   000000000000000   000   000000000000000   000   000000000000000      000000000000488976   000   000000000488976   0   0000000000   A   0   0000000000   A   000000   000000   000000000000000   000000000000000   0000A0000000
 002070   00000000000   930306            2   001   200326   00   000000   0   000000000000000   000   000000000000000   000   000000000000000      000000000000382801   000   000000000382801   0   0000000000   A   0   0000000000   A   000000   000000   000000000000000   000000000000000   0000A0000000
 002070   00000000000   058606            2   001   200326   00   000000   0   000000000000000   000   000000000000000   000   000000000000000      000000000000433987   000   000000000433987   0   0000000000   A   0   0000000000   A   000000   000000   000000000000000   000000000000000   0000A0000000
 002070   00000000000   930306            2   001   200326   00   000000   0   000000000000000   000   000000000000000   000   000000000000000      000000000000381150   000   000000000381150   0   0000000000   A   0   0000000000   A   000000   000000   000000000000000   000000000000000   0000A0000000
 002070   00000000000   930306            2   001   200326   00   000000   0   000000000000000   000   000000000000000   000   000000000000000      000000000000168489   000   000000000168489   0   0000000000   A   0   0000000000   A   000000   000000   000000000000000   000000000000000   0000A0000000
 002070   00000000000   930306            2   001   200326   00   000000   0   000000000000000   000   000000000000000   000   000000000000000      000000000000381150   000   000000000381150   0   0000000000   A   0   0000000000   A   000000   000000   000000000000000   000000000000000   0000A0000000
 002070   00000000000   049924            2   001   200326   00   000000   0   000000000000000   000   000000000000000   000   000000000000000      000000000001412419   000   000000001412419   0   0000000000   A   0   0000000000   A   000000   000000   000000000000000   000000000000000   0000A0000000
 002070   00000000000   055439            2   001   200326   00   000000   0   000000000000000   000   000000000000000   000   000000000000000      000000000003723915   000   000000003723915   0   0000000000   A   0   0000000000   A   000000   000000   000000000000000   000000000000000   0000A0000000
 002070   00000000000   053986            2   001   200326   00   000000   0   000000000000000   000   000000000000000   000   000000000000000      000000000000238054   000   000000000238054   0   0000000000   A   0   0000000000   A   000000   000000   000000000000000   000000000000000   0000A0000000
 002070   00000000000   055439            2   003   200326   00   000000   0   000000000000000   000   000000000000000   000   000000000000000      000000000003723915   000   000000011171744   0   0000000000   A   0   0000000000   A   000000   000000   000000000000000   000000000000000   0000A0000000
 002070   00000000000   029366            2   003   200326   00   000000   0   000000000000000   000   000000000000000   000   000000000000000      000000000000488976   000   000000001466929   0   0000000000   A   0   0000000000   A   000000   000000   000000000000000   000000000000000   0000A0000000
 002070   00000000000   058606            2   003   200326   00   000000   0   000000000000000   000   000000000000000   000   000000000000000      000000000000433987   000   000000001301962   0   0000000000   A   0   0000000000   A   000000   000000   000000000000000   000000000000000   0000A0000000
 002070   00000000000   021630            2   002   200326   00   000000   0   000000000000000   000   000000000000000   000   000000000000000      000000000006303480   000   000000012606959   0   0000000000   A   0   0000000000   A   000000   000000   000000000000000   000000000000000   0000A0000000
 002070   00000000000   054589            2   004   200326   00   000000   0   000000000000000   000   000000000000000   000   000000000000000      000000000009493052   000   000000037972210   0   0000000000   A   0   0000000000   A   000000   000000   000000000000000   000000000000000   0000A0000000
 002070   00000000000   056867            2   002   200326   00   000000   0   000000000000000   000   000000000000000   000   000000000000000      000000000003538344   000   000000007076689   0   0000000000   A   0   0000000000   A   000000   000000   000000000000000   000000000000000   0000A0000000
 002070   00000000000   930306            2   001   200326   00   000000   0   000000000000000   000   000000000000000   000   000000000000000      000000000000381150   000   000000000381150   0   0000000000   A   0   0000000000   A   000000   000000   000000000000000   000000000000000   0000A0000000
 002070   00000000000   930306            2   001   200326   00   000000   0   000000000000000   000   000000000000000   000   000000000000000      000000000001184071   000   000000001184071   0   0000000000   A   0   0000000000   A   000000   000000   000000000000000   000000000000000   0000A0000000
 002070   00000000000   930306            2   001   200326   00   000000   0   000000000000000   000   000000000000000   000   000000000000000      000000000000381150   000   000000000381150   0   0000000000   A   0   0000000000   A   000000   000000   000000000000000   000000000000000   0000A0000000
 002070   00000000000   930306            2   001   200326   00   000000   0   000000000000000   000   000000000000000   000   000000000000000      000000000000168489   000   000000000168489   0   0000000000   A   0   0000000000   A   000000   000000   000000000000000   000000000000000   0000A0000000
 002070   00000000000   930306            2   001   200326   00   000000   0   000000000000000   000   000000000000000   000   000000000000000      000000000004095457   000   000000004095457   0   0000000000   A   0   0000000000   A   000000   000000   000000000000000   000000000000000   0000A0000000
 002070   08204921002   053986            2   001   210326   00   000000   0   000000000000000   000   000000000000000   000   000000000000000      000000000000238054   000   000000000238054   0   0000000000   A   0   0000000000   A   000000   000000   000000000000000   000000000000000   0000A0000000
 002070   00000000000   055439            2   006   210326   00   000000   0   000000000000000   000   000000000000000   000   000000000000000      000000000003723915   000   000000022343488   0   0000000000   A   0   0000000000   A   000000   000000   000000000000000   000000000000000   0000A0000000
 002070   00000000000   029366            2   005   210326   00   000000   0   000000000000000   000   000000000000000   000   000000000000000      000000000000488976   000   000000002444882   0   0000000000   A   0   0000000000   A   000000   000000   000000000000000   000000000000000   0000A0000000
 002070   00000000000   058606            2   004   210326   00   000000   0   000000000000000   000   000000000000000   000   000000000000000      000000000000433987   000   000000001735949   0   0000000000   A   0   0000000000   A   000000   000000   000000000000000   000000000000000   0000A0000000
 002070   00000000000   021630            2   004   210326   00   000000   0   000000000000000   000   000000000000000   000   000000000000000      000000000006303480   000   000000025213918   0   0000000000   A   0   0000000000   A   000000   000000   000000000000000   000000000000000   0000A0000000
 002070   00000000000   056867            2   004   210326   00   000000   0   000000000000000   000   000000000000000   000   000000000000000      000000000003538344   000   000000014153378   0   0000000000   A   0   0000000000   A   000000   000000   000000000000000   000000000000000   0000A0000000
 002070   00000000000   054589            2   008   210326   00   000000   0   000000000000000   000   000000000000000   000   000000000000000      000000000009493052   000   000000075944419   0   0000000000   A   0   0000000000   A   000000   000000   000000000000000   000000000000000   0000A0000000
 002070   00000000000   055439            2   002   210326   00   000000   0   000000000000000   000   000000000000000   000   000000000000000      000000000003723914   000   000000007447829   0   0000000000   A   0   0000000000   A   000000   000000   000000000000000   000000000000000   0000A0000000
 002070   08204921002   930306            2   003   210326   00   000000   0   000000000000000   000   000000000000000   000   000000000000000      000000000000047855   000   000000000143564   0   0000000000   A   0   0000000000   A   000000   000000   000000000000000   000000000000000   0000A0000000
 002070   08204921002   053986            2   001   210326   00   000000   0   000000000000000   000   000000000000000   000   000000000000000      000000000000238054   000   000000000238054   0   0000000000   A   0   0000000000   A   000000   000000   000000000000000   000000000000000   0000A0000000
 002070   00000000000   053986            2   001   220326   00   000000   0   000000000000000   000   000000000000000   000   000000000000000      000000000000238054   000   000000000238054   0   0000000000   A   0   0000000000   A   000000   000000   000000000000000   000000000000000   0000A0000000
 002070   00000000000   029366            2   001   230326   00   000000   0   000000000000000   000   000000000000000   000   000000000000000      000000000000488976   000   000000000488976   0   0000000000   A   0   0000000000   A   000000   000000   000000000000000   000000000000000   0000A0000000
 002070   00000000000   058606            2   001   230326   00   000000   0   000000000000000   000   000000000000000   000   000000000000000      000000000000433987   000   000000000433987   0   0000000000   A   0   0000000000   A   000000   000000   000000000000000   000000000000000   0000A0000000
 002070   00000000000   021630            2   001   230326   00   000000   0   000000000000000   000   000000000000000   000   000000000000000      000000000006303479   000   000000006303479   0   0000000000   A   0   0000000000   A   000000   000000   000000000000000   000000000000000   0000A0000000
 002070   00000000000   054589            2   002   230326   00   000000   0   000000000000000   000   000000000000000   000   000000000000000      000000000009493052   000   000000018986105   0   0000000000   A   0   0000000000   A   000000   000000   000000000000000   000000000000000   0000A0000000
 002070   00000000000   055439            2   001   230326   00   000000   0   000000000000000   000   000000000000000   000   000000000000000      000000000003723915   000   000000003723915   0   0000000000   A   0   0000000000   A   000000   000000   000000000000000   000000000000000   0000A0000000
 002070   00000000000   930306            2   001   230326   00   000000   0   000000000000000   000   000000000000000   000   000000000000000      000000000000382801   000   000000000382801   0   0000000000   A   0   0000000000   A   000000   000000   000000000000000   000000000000000   0000A0000000
 002070   00000000000   930306            2   001   230326   00   000000   0   000000000000000   000   000000000000000   000   000000000000000      000000000000381150   000   000000000381150   0   0000000000   A   0   0000000000   A   000000   000000   000000000000000   000000000000000   0000A0000000
 002070   61613606303   029366            2   001   260326   00   000000   0   000000000000000   000   000000000000000   000   000000000000000      000000000000488976   000   000000000488976   0   0000000000   A   0   0000000000   A   000000   000000   000000000000000   000000000000000   0000A0000000
 002070   61613606303   058606            2   001   260326   00   000000   0   000000000000000   000   000000000000000   000   000000000000000      000000000000433987   000   000000000433987   0   0000000000   A   0   0000000000   A   000000   000000   000000000000000   000000000000000   0000A0000000
 002070   63008261701   055439            2   002   300326   00   000000   0   000000000000000   000   000000000000000   000   000000000000000      000000000003723914   000   000000007447829   0   0000000000   A   0   0000000000   A   000000   000000   000000000000000   000000000000000   0000A0000000
 002070   63008261701   930306            2   001   300326   00   000000   0   000000000000000   000   000000000000000   000   000000000000000      000000000001184071   000   000000001184071   0   0000000000   A   0   0000000000   A   000000   000000   000000000000000   000000000000000   0000A0000000
 002070   63008261701   058606            2   003   300326   00   000000   0   000000000000000   000   000000000000000   000   000000000000000      000000000000433987   000   000000001301962   0   0000000000   A   0   0000000000   A   000000   000000   000000000000000   000000000000000   0000A0000000
 002070   63008261701   032583            2   002   300326   00   000000   0   000000000000000   000   000000000000000   000   000000000000000      000000000000747276   000   000000001494551   0   0000000000   A   0   0000000000   A   000000   000000   000000000000000   000000000000000   0000A0000000
 002070   63008261701   029366            2   002   300326   00   000000   0   000000000000000   000   000000000000000   000   000000000000000      000000000000488976   000   000000000977953   0   0000000000   A   0   0000000000   A   000000   000000   000000000000000   000000000000000   0000A0000000
 002070   63008261701   040316            2   002   300326   00   000000   0   000000000000000   000   000000000000000   000   000000000000000      000000000013194070   000   000000026388140   0   0000000000   A   0   0000000000   A   000000   000000   000000000000000   000000000000000   0000A0000000
 002070   63008261701   930306            2   001   300326   00   000000   0   000000000000000   000   000000000000000   000   000000000000000      000000000000381150   000   000000000381150   0   0000000000   A   0   0000000000   A   000000   000000   000000000000000   000000000000000   0000A0000000
 002070   63008261701   930306            2   001   300326   00   000000   0   000000000000000   000   000000000000000   000   000000000000000      000000000000168489   000   000000000168489   0   0000000000   A   0   0000000000   A   000000   000000   000000000000000   000000000000000   0000A0000000
 002070   63008261701   018168            2   001   310326   00   000000   0   000000000000000   000   000000000000000   000   000000000000000      000000000000848700   000   000000000848700   0   0000000000   A   0   0000000000   A   000000   000000   000000000000000   000000000000000   0000A0000000
 002070   63008261701   170101            2   001   020326   00   000000   0   000000000794314   000   000000000000000   000   000000000000000      000000000000000000   000   000000000794314   0   0000000000   A   0   0000000000   A   000000   000000   000000000000000   000000000000000   0000A0000000
 002070   63008261701   250181            2   003   020326   00   000000   0   000000000532135   000   000000000000000   000   000000000000000      000000000000000000   000   000000001596405   0   0000000000   A   0   0000000000   A   000000   000000   000000000000000   000000000000000   0000A0000000
 002070   63008261701   250181            2   003   020326   00   000000   0   000000000532135   000   000000000000000   000   000000000000000      000000000000000000   000   000000001596405   0   0000000000   A   0   0000000000   A   000000   000000   000000000000000   000000000000000   0000A0000000
 002070   63008261701   250181            2   001   020326   00   000000   0   000000000532135   000   000000000000000   000   000000000000000      000000000000000000   000   000000000532135   0   0000000000   A   0   0000000000   A   000000   000000   000000000000000   000000000000000   0000A0000000
 002070   08204921002   430760            2   006   130326   00   000000   0   000000000000000   000   000000000000000   000   000000000000000      000000000000561270   000   000000003367620   0   0000000000   A   0   0000000000   A   000000   000000   000000000000000   000000000000000   0000A0000000
 002070   08204921002   250181            2   012   130326   00   000000   0   000000000532135   000   000000000000000   000   000000000000000      000000000000000000   000   000000006385620   0   0000000000   A   0   0000000000   A   000000   000000   000000000000000   000000000000000   0000A0000000
 002070   08204921002   170101            2   007   130326   00   000000   0   000000000794314   000   000000000000000   000   000000000000000      000000000000000000   000   000000005560198   0   0000000000   A   0   0000000000   A   000000   000000   000000000000000   000000000000000   0000A0000000
 002070   08204921002   250181            2   003   150326   00   000000   0   000000000532135   000   000000000000000   000   000000000000000      000000000000000000   000   000000001596405   0   0000000000   A   0   0000000000   A   000000   000000   000000000000000   000000000000000   0000A0000000
 002070   08204921002   070112            2   001   200326   00   000000   0   000000000000001   000   000000000000000   000   000000000000000      000000000113555980   000   000000113555981   0   0000000000   A   0   0000000000   A   000000   000000   000000000000000   000000000000000   0000A0000000
 002070   00000000000   420303            2   001   200326   00   000000   0   000000000000000   000   000000000000000   000   000000000000000      000000000001267979   000   000000001267979   0   0000000000   A   0   0000000000   A   000000   000000   000000000000000   000000000000000   0000A0000000
 002070   00000000000   170101            2   001   200326   00   000000   0   000000000794314   000   000000000000000   000   000000000000000      000000000000000000   000   000000000794314   0   0000000000   A   0   0000000000   A   000000   000000   000000000000000   000000000000000   0000A0000000
