 026070   61808022701   430171            2   002   310320   00   000000   0   000000000000000   000   000000000000000   000   000000000000000      000000000022133464   000   000000044266928   0   0000000000   A   0   0000000000   A   000000   000000   000000000000000   000000000000000   0000A0000000
 002070   15204082402   430171            2   001   020426   00   000000   0   000000000000000   000   000000000000000   000   000000000000000      000000000022133464   000   000000022133464   0   0000000000   A   0   0000000000   A   000000   000000   000000000000000   000000000000000   0000A0000000
 002070   61580680401   430185            2   001   080426   00   000000   0   000000000000000   000   000000000000000   000   000000000000000      000000000007794966   000   000000007794966   0   0000000000   A   0   0000000000   A   000000   000000   000000000000000   000000000000000   0000A0000000
 002070   62262792001   430171            2   001   090426   00   000000   0   000000000000000   000   000000000000000   000   000000000000000      000000000022133464   000   000000022133464   0   0000000000   A   0   0000000000   A   000000   000000   000000000000000   000000000000000   0000A0000000
 002070   15205487601   430185            2   001   090426   00   000000   0   000000000000000   000   000000000000000   000   000000000000000      000000000007794966   000   000000007794966   0   0000000000   A   0   0000000000   A   000000   000000   000000000000000   000000000000000   0000A0000000
 002070   60648176101   430185            2   001   100426   00   000000   0   000000000000000   000   000000000000000   000   000000000000000      000000000007794966   000   000000007794966   0   0000000000   A   0   0000000000   A   000000   000000   000000000000000   000000000000000   0000A0000000
 002070   61814752603   430171            2   001   160426   00   000000   0   000000000000000   000   000000000000000   000   000000000000000      000000000022133464   000   000000022133464   0   0000000000   A   0   0000000000   A   000000   000000   000000000000000   000000000000000   0000A0000000
 002070   61276774302   430171            2   006   210426   00   000000   0   000000000000000   000   000000000000000   000   000000000000000      000000000022133464   000   000000132800784   0   0000000000   A   0   0000000000   A   000000   000000   000000000000000   000000000000000   0000A0000000
 002070   61757648201   430171            2   002   210426   00   000000   0   000000000000000   000   000000000000000   000   000000000000000      000000000022133464   000   000000044266928   0   0000000000   A   0   0000000000   A   000000   000000   000000000000000   000000000000000   0000A0000000
 002070   15207559801   430185            2   001   230426   00   000000   0   000000000000000   000   000000000000000   000   000000000000000      000000000007794966   000   000000007794966   0   0000000000   A   0   0000000000   A   000000   000000   000000000000000   000000000000000   0000A0000000
 002070   63036327601   430171            2   004   240426   00   000000   0   000000000000000   000   000000000000000   000   000000000000000      000000000022133464   000   000000088533856   0   0000000000   A   0   0000000000   A   000000   000000   000000000000000   000000000000000   0000A0000000
 002070   61808022701   121002            2   001   310326   00   000000   0   000000000000000   000   000000000000000   000   000000000000000      000000000055664856   000   000000055664856   0   0000000000   A   0   0000000000   A   000000   000000   000000000000000   000000000000000   0000A0000000
 002070   15204082402   121726            2   001   020426   00   000000   0   000000000000000   000   000000000000000   000   000000000000000      000000000047101032   000   000000047101032   0   0000000000   A   0   0000000000   A   000000   000000   000000000000000   000000000000000   0000A0000000
 002070   15204082402   121727            2   001   020426   00   000000   0   000000000000000   000   000000000000000   000   000000000000000      000000000031222273   000   000000009366682   0   0000000000   A   0   0000000000   A   000000   000000   000000000000000   000000000000000   0000A0000000
 002070   62262792001   120902            2   001   090426   00   000000   0   000000000000000   000   000000000000000   000   000000000000000      000000000031579101   000   000000031579101   0   0000000000   A   0   0000000000   A   000000   000000   000000000000000   000000000000000   0000A0000000
 002070   61814752603   100709            2   001   160426   00   000000   0   000000000000000   000   000000000000000   000   000000000000000      000000000021052734   000   000000021052734   0   0000000000   A   0   0000000000   A   000000   000000   000000000000000   000000000000000   0000A0000000
 002070   61814752603   431101            2   001   160426   00   000000   0   000000000000000   000   000000000000000   000   000000000000000      000000000001122481   000   000000001122481   0   0000000000   A   0   0000000000   A   000000   000000   000000000000000   000000000000000   0000A0000000
 002070   61276774302   030902            2   001   210426   00   000000   0   000000000000000   000   000000000000000   000   000000000000000      000000000038894034   000   000000038894034   0   0000000000   A   0   0000000000   A   000000   000000   000000000000000   000000000000000   0000A0000000
 002070   61276774302   431101            2   001   210426   00   000000   0   000000000000000   000   000000000000000   000   000000000000000      000000000001122481   000   000000001122481   0   0000000000   A   0   0000000000   A   000000   000000   000000000000000   000000000000000   0000A0000000
 002070   61757648201   040101            2   001   210426   00   000000   0   000000000000000   000   000000000000000   000   000000000000000      000000000065299158   000   000000065299158   0   0000000000   A   0   0000000000   A   000000   000000   000000000000000   000000000000000   0000A0000000
 002070   61757648201   431101            2   001   210426   00   000000   0   000000000000000   000   000000000000000   000   000000000000000      000000000001122481   000   000000001122481   0   0000000000   A   0   0000000000   A   000000   000000   000000000000000   000000000000000   0000A0000000
 002070   61757648201   930442            2   001   210426   00   000000   0   000000000000000   000   000000000000000   000   000000000000000      000000000027826202   000   000000027826202   0   0000000000   A   0   0000000000   A   000000   000000   000000000000000   000000000000000   0000A0000000
 002070   63036327601   100124            2   001   270426   00   000000   0   000000000000000   000   000000000000000   000   000000000000000      000000000043090533   000   000000043090533   0   0000000000   A   0   0000000000   A   000000   000000   000000000000000   000000000000000   0000A0000000
 002070   61808022701   015010            2   002   310326   00   000000   0   000000000000000   000   000000000000000   000   000000000000000      000000000001687050   000   000000003374100   0   0000000000   A   0   0000000000   A   000000   000000   000000000000000   000000000000000   0000A0000000
 002070   61808022701   057998            2   001   310326   00   000000   0   000000000000000   000   000000000000000   000   000000000000000      000000000000683196   000   000000000683196   0   0000000000   A   0   0000000000   A   000000   000000   000000000000000   000000000000000   0000A0000000
 002070   61808022701   034031            2   001   310326   00   000000   0   000000000000000   000   000000000000000   000   000000000000000      000000000001143847   000   000000001143847   0   0000000000   A   0   0000000000   A   000000   000000   000000000000000   000000000000000   0000A0000000
 002070   61808022701   018164            2   001   310326   00   000000   0   000000000000000   000   000000000000000   000   000000000000000      000000000001707300   000   000000001707300   0   0000000000   A   0   0000000000   A   000000   000000   000000000000000   000000000000000   0000A0000000
 002070   61808022701   056870            2   002   310326   00   000000   0   000000000000000   000   000000000000000   000   000000000000000      000000000003767335   000   000000007534670   0   0000000000   A   0   0000000000   A   000000   000000   000000000000000   000000000000000   0000A0000000
 002070   61808022701   055439            2   006   310326   00   000000   0   000000000000000   000   000000000000000   000   000000000000000      000000000003761153   000   000000022566919   0   0000000000   A   0   0000000000   A   000000   000000   000000000000000   000000000000000   0000A0000000
 002070   61808022701   049941            2   003   310326   00   000000   0   000000000000000   000   000000000000000   000   000000000000000      000000000001984703   000   000000005954110   0   0000000000   A   0   0000000000   A   000000   000000   000000000000000   000000000000000   0000A0000000
 002070   61808022701   057916            2   001   310326   00   000000   0   000000000000000   000   000000000000000   000   000000000000000      000000000003565260   000   000000003565260   0   0000000000   A   0   0000000000   A   000000   000000   000000000000000   000000000000000   0000A0000000
 002070   61808022701   060196            2   001   310326   00   000000   0   000000000000000   000   000000000000000   000   000000000000000      000000000001740058   000   000000001740058   0   0000000000   A   0   0000000000   A   000000   000000   000000000000000   000000000000000   0000A0000000
 002070   61808022701   031837            2   001   310326   00   000000   0   000000000000000   000   000000000000000   000   000000000000000      000000000001245714   000   000000001245714   0   0000000000   A   0   0000000000   A   000000   000000   000000000000000   000000000000000   0000A0000000
 002070   61808022701   045332            2   002   310326   00   000000   0   000000000000000   000   000000000000000   000   000000000000000      000000000001638848   000   000000003277696   0   0000000000   A   0   0000000000   A   000000   000000   000000000000000   000000000000000   0000A0000000
 002070   61808022701   058606            2   001   310326   00   000000   0   000000000000000   000   000000000000000   000   000000000000000      000000000000460026   000   000000000460026   0   0000000000   A   0   0000000000   A   000000   000000   000000000000000   000000000000000   0000A0000000
 002070   61808022701   930306            2   001   310326   00   000000   0   000000000000000   000   000000000000000   000   000000000000000      000000000010799428   000   000000010799428   0   0000000000   A   0   0000000000   A   000000   000000   000000000000000   000000000000000   0000A0000000
 002070   61808022701   930306            2   005   310326   00   000000   0   000000000000000   000   000000000000000   000   000000000000000      000000000000047855   000   000000000239274   0   0000000000   A   0   0000000000   A   000000   000000   000000000000000   000000000000000   0000A0000000
 002070   61808022701   930306            2   001   310326   00   000000   0   000000000000000   000   000000000000000   000   000000000000000      000000000003420873   000   000000003420873   0   0000000000   A   0   0000000000   A   000000   000000   000000000000000   000000000000000   0000A0000000
 002070   15204082402   055439            2   004   020426   00   000000   0   000000000000000   000   000000000000000   000   000000000000000      000000000003761153   000   000000015044612   0   0000000000   A   0   0000000000   A   000000   000000   000000000000000   000000000000000   0000A0000000
 002070   15204082402   930306            2   001   020426   00   000000   0   000000000000000   000   000000000000000   000   000000000000000      000000000005040000   000   000000005040000   0   0000000000   A   0   0000000000   A   000000   000000   000000000000000   000000000000000   0000A0000000
 002070   15204082402   018163            2   001   020426   00   000000   0   000000000000000   000   000000000000000   000   000000000000000      000000000001444050   000   000000001444050   0   0000000000   A   0   0000000000   A   000000   000000   000000000000000   000000000000000   0000A0000000
 002070   15204082402   015010            2   001   020426   00   000000   0   000000000000000   000   000000000000000   000   000000000000000      000000000001687050   000   000000001687050   0   0000000000   A   0   0000000000   A   000000   000000   000000000000000   000000000000000   0000A0000000
 002070   15204082402   057916            2   001   020426   00   000000   0   000000000000000   000   000000000000000   000   000000000000000      000000000003565260   000   000000003565260   0   0000000000   A   0   0000000000   A   000000   000000   000000000000000   000000000000000   0000A0000000
 002070   15204082402   032583            2   001   020426   00   000000   0   000000000000000   000   000000000000000   000   000000000000000      000000000000747275   000   000000000747275   0   0000000000   A   0   0000000000   A   000000   000000   000000000000000   000000000000000   0000A0000000
 002070   15204082402   024577            2   001   020426   00   000000   0   000000000000000   000   000000000000000   000   000000000000000      000000000000432824   000   000000000432824   0   0000000000   A   0   0000000000   A   000000   000000   000000000000000   000000000000000   0000A0000000
 002070   15204082402   060196            2   001   020426   00   000000   0   000000000000000   000   000000000000000   000   000000000000000      000000000001740058   000   000000001740058   0   0000000000   A   0   0000000000   A   000000   000000   000000000000000   000000000000000   0000A0000000
 002070   15204082402   031837            2   001   020426   00   000000   0   000000000000000   000   000000000000000   000   000000000000000      000000000001245714   000   000000001245714   0   0000000000   A   0   0000000000   A   000000   000000   000000000000000   000000000000000   0000A0000000
 002070   15204082402   045332            2   002   020426   00   000000   0   000000000000000   000   000000000000000   000   000000000000000      000000000001638848   000   000000003277696   0   0000000000   A   0   0000000000   A   000000   000000   000000000000000   000000000000000   0000A0000000
 002070   15204082402   034031            2   001   020426   00   000000   0   000000000000000   000   000000000000000   000   000000000000000      000000000001143847   000   000000001143847   0   0000000000   A   0   0000000000   A   000000   000000   000000000000000   000000000000000   0000A0000000
 002070   15204082402   058606            2   002   020426   00   000000   0   000000000000000   000   000000000000000   000   000000000000000      000000000000460026   000   000000000920052   0   0000000000   A   0   0000000000   A   000000   000000   000000000000000   000000000000000   0000A0000000
 002070   15204082402   930306            2   001   020426   00   000000   0   000000000000000   000   000000000000000   000   000000000000000      000000000010799428   000   000000010799428   0   0000000000   A   0   0000000000   A   000000   000000   000000000000000   000000000000000   0000A0000000
 002070   15204082402   930306            2   001   020426   00   000000   0   000000000000000   000   000000000000000   000   000000000000000      000000000003420873   000   000000003420873   0   0000000000   A   0   0000000000   A   000000   000000   000000000000000   000000000000000   0000A0000000
 002070   62262792001   056870            2   002   090426   00   000000   0   000000000000000   000   000000000000000   000   000000000000000      000000000003767335   000   000000007534670   0   0000000000   A   0   0000000000   A   000000   000000   000000000000000   000000000000000   0000A0000000
 002070   62262792001   056850            2   002   090426   00   000000   0   000000000000000   000   000000000000000   000   000000000000000      000000000002508998   000   000000005017995   0   0000000000   A   0   0000000000   A   000000   000000   000000000000000   000000000000000   0000A0000000
 002070   62262792001   055439            2   002   090426   00   000000   0   000000000000000   000   000000000000000   000   000000000000000      000000000003761153   000   000000007522306   0   0000000000   A   0   0000000000   A   000000   000000   000000000000000   000000000000000   0000A0000000
 002070   62262792001   015670            2   001   090426   00   000000   0   000000000000000   000   000000000000000   000   000000000000000      000000000002372613   000   000000002372613   0   0000000000   A   0   0000000000   A   000000   000000   000000000000000   000000000000000   0000A0000000
 002070   62262792001   057916            2   001   090426   00   000000   0   000000000000000   000   000000000000000   000   000000000000000      000000000003565260   000   000000003565260   0   0000000000   A   0   0000000000   A   000000   000000   000000000000000   000000000000000   0000A0000000
 002070   62262792001   024577            2   001   090426   00   000000   0   000000000000000   000   000000000000000   000   000000000000000      000000000000432824   000   000000000432824   0   0000000000   A   0   0000000000   A   000000   000000   000000000000000   000000000000000   0000A0000000
 002070   62262792001   060196            2   001   090426   00   000000   0   000000000000000   000   000000000000000   000   000000000000000      000000000001740058   000   000000001740058   0   0000000000   A   0   0000000000   A   000000   000000   000000000000000   000000000000000   0000A0000000
 002070   62262792001   031837            2   001   090426   00   000000   0   000000000000000   000   000000000000000   000   000000000000000      000000000001245714   000   000000001245714   0   0000000000   A   0   0000000000   A   000000   000000   000000000000000   000000000000000   0000A0000000
 002070   62262792001   045332            2   001   090426   00   000000   0   000000000000000   000   000000000000000   000   000000000000000      000000000001638848   000   000000001638848   0   0000000000   A   0   0000000000   A   000000   000000   000000000000000   000000000000000   0000A0000000
 002070   62262792001   034031            2   001   090426   00   000000   0   000000000000000   000   000000000000000   000   000000000000000      000000000001143847   000   000000001143847   0   0000000000   A   0   0000000000   A   000000   000000   000000000000000   000000000000000   0000A0000000
 002070   62262792001   058606            2   002   090426   00   000000   0   000000000000000   000   000000000000000   000   000000000000000      000000000000460026   000   000000000920052   0   0000000000   A   0   0000000000   A   000000   000000   000000000000000   000000000000000   0000A0000000
 002070   62262792001   058373            2   001   090426   00   000000   0   000000000000000   000   000000000000000   000   000000000000000      000000000000367140   000   000000000367140   0   0000000000   A   0   0000000000   A   000000   000000   000000000000000   000000000000000   0000A0000000
 002070   62262792001   930306            2   005   090426   00   000000   0   000000000000000   000   000000000000000   000   000000000000000      000000000000047855   000   000000000239274   0   0000000000   A   0   0000000000   A   000000   000000   000000000000000   000000000000000   0000A0000000
 002070   62262792001   930306            2   001   090426   00   000000   0   000000000000000   000   000000000000000   000   000000000000000      000000000002472750   000   000000002472750   0   0000000000   A   0   0000000000   A   000000   000000   000000000000000   000000000000000   0000A0000000
 002070   62262792001   930306            2   001   090426   00   000000   0   000000000000000   000   000000000000000   000   000000000000000      000000000003420873   000   000000003420873   0   0000000000   A   0   0000000000   A   000000   000000   000000000000000   000000000000000   0000A0000000
 002070   61814752603   015010            2   001   160426   00   000000   0   000000000000000   000   000000000000000   000   000000000000000      000000000001687050   000   000000001687050   0   0000000000   A   0   0000000000   A   000000   000000   000000000000000   000000000000000   0000A0000000
 002070   61814752603   018163            2   001   160426   00   000000   0   000000000000000   000   000000000000000   000   000000000000000      000000000001444050   000   000000001444050   0   0000000000   A   0   0000000000   A   000000   000000   000000000000000   000000000000000   0000A0000000
 002070   61814752603   058689            2   001   160426   00   000000   0   000000000000000   000   000000000000000   000   000000000000000      000000000003643706   000   000000003643706   0   0000000000   A   0   0000000000   A   000000   000000   000000000000000   000000000000000   0000A0000000
 002070   61814752603   055439            2   003   160426   00   000000   0   000000000000000   000   000000000000000   000   000000000000000      000000000003761153   000   000000011283459   0   0000000000   A   0   0000000000   A   000000   000000   000000000000000   000000000000000   0000A0000000
 002070   61814752603   060196            2   001   160426   00   000000   0   000000000000000   000   000000000000000   000   000000000000000      000000000001740058   000   000000001740058   0   0000000000   A   0   0000000000   A   000000   000000   000000000000000   000000000000000   0000A0000000
 002070   61814752603   031837            2   001   160426   00   000000   0   000000000000000   000   000000000000000   000   000000000000000      000000000001245714   000   000000001245714   0   0000000000   A   0   0000000000   A   000000   000000   000000000000000   000000000000000   0000A0000000
 002070   61814752603   045332            2   002   160426   00   000000   0   000000000000000   000   000000000000000   000   000000000000000      000000000001638848   000   000000003277696   0   0000000000   A   0   0000000000   A   000000   000000   000000000000000   000000000000000   0000A0000000
 002070   61814752603   034031            2   001   160426   00   000000   0   000000000000000   000   000000000000000   000   000000000000000      000000000001143847   000   000000001143847   0   0000000000   A   0   0000000000   A   000000   000000   000000000000000   000000000000000   0000A0000000
 002070   61814752603   058606            2   002   160426   00   000000   0   000000000000000   000   000000000000000   000   000000000000000      000000000000460026   000   000000000920052   0   0000000000   A   0   0000000000   A   000000   000000   000000000000000   000000000000000   0000A0000000
 002070   61814752603   930306            2   005   160426   00   000000   0   000000000000000   000   000000000000000   000   000000000000000      000000000000047855   000   000000000239274   0   0000000000   A   0   0000000000   A   000000   000000   000000000000000   000000000000000   0000A0000000
 002070   61814752603   930306            2   001   160426   00   000000   0   000000000000000   000   000000000000000   000   000000000000000      000000000002472750   000   000000002472750   0   0000000000   A   0   0000000000   A   000000   000000   000000000000000   000000000000000   0000A0000000
 002070   61814752603   930306            2   001   160426   00   000000   0   000000000000000   000   000000000000000   000   000000000000000      000000000003420873   000   000000003420873   0   0000000000   A   0   0000000000   A   000000   000000   000000000000000   000000000000000   0000A0000000
 002070   61276774302   930306            2   001   210426   00   000000   0   000000000000000   000   000000000000000   000   000000000000000      000000000001915268   000   000000001915268   0   0000000000   A   0   0000000000   A   000000   000000   000000000000000   000000000000000   0000A0000000
 002070   61276774302   020172            2   001   210426   00   000000   0   000000000000000   000   000000000000000   000   000000000000000      000000000003354894   000   000000003354894   0   0000000000   A   0   0000000000   A   000000   000000   000000000000000   000000000000000   0000A0000000
 002070   61276774302   018164            2   001   210426   00   000000   0   000000000000000   000   000000000000000   000   000000000000000      000000000001707300   000   000000001707300   0   0000000000   A   0   0000000000   A   000000   000000   000000000000000   000000000000000   0000A0000000
 002070   61276774302   052001            2   001   210426   00   000000   0   000000000000000   000   000000000000000   000   000000000000000      000000000003292363   000   000000003292363   0   0000000000   A   0   0000000000   A   000000   000000   000000000000000   000000000000000   0000A0000000
 002070   61276774302   014916            2   030   210426   00   000000   0   000000000000000   000   000000000000000   000   000000000000000      000000000000174440   000   000000005233194   0   0000000000   A   0   0000000000   A   000000   000000   000000000000000   000000000000000   0000A0000000
 002070   61276774302   055439            2   003   210426   00   000000   0   000000000000000   000   000000000000000   000   000000000000000      000000000003761153   000   000000011283459   0   0000000000   A   0   0000000000   A   000000   000000   000000000000000   000000000000000   0000A0000000
 002070   61276774302   058689            2   001   210426   00   000000   0   000000000000000   000   000000000000000   000   000000000000000      000000000003643706   000   000000003643706   0   0000000000   A   0   0000000000   A   000000   000000   000000000000000   000000000000000   0000A0000000
 002070   61276774302   045332            2   001   210426   00   000000   0   000000000000000   000   000000000000000   000   000000000000000      000000000001638848   000   000000001638848   0   0000000000   A   0   0000000000   A   000000   000000   000000000000000   000000000000000   0000A0000000
 002070   61276774302   034031            2   001   210426   00   000000   0   000000000000000   000   000000000000000   000   000000000000000      000000000001143847   000   000000001143847   0   0000000000   A   0   0000000000   A   000000   000000   000000000000000   000000000000000   0000A0000000
 002070   61276774302   033647            2   002   210426   00   000000   0   000000000000000   000   000000000000000   000   000000000000000      000000000000310518   000   000000000621036   0   0000000000   A   0   0000000000   A   000000   000000   000000000000000   000000000000000   0000A0000000
 002070   61276774302   058373            2   001   210426   00   000000   0   000000000000000   000   000000000000000   000   000000000000000      000000000000367140   000   000000000367140   0   0000000000   A   0   0000000000   A   000000   000000   000000000000000   000000000000000   0000A0000000
 002070   61276774302   024104            2   001   210426   00   000000   0   000000000000000   000   000000000000000   000   000000000000000      000000000003326040   000   000000003326040   0   0000000000   A   0   0000000000   A   000000   000000   000000000000000   000000000000000   0000A0000000
 002070   61276774302   049924            2   002   210426   00   000000   0   000000000000000   000   000000000000000   000   000000000000000      000000000001412418   000   000000002824837   0   0000000000   A   0   0000000000   A   000000   000000   000000000000000   000000000000000   0000A0000000
 002070   61276774302   930306            2   001   210426   00   000000   0   000000000000000   000   000000000000000   000   000000000000000      000000000002472750   000   000000002472750   0   0000000000   A   0   0000000000   A   000000   000000   000000000000000   000000000000000   0000A0000000
 002070   61276774302   930306            2   001   210426   00   000000   0   000000000000000   000   000000000000000   000   000000000000000      000000000003420873   000   000000003420873   0   0000000000   A   0   0000000000   A   000000   000000   000000000000000   000000000000000   0000A0000000
 002070   61757648201   055439            2   004   210426   00   000000   0   000000000000000   000   000000000000000   000   000000000000000      000000000003761153   000   000000015044612   0   0000000000   A   0   0000000000   A   000000   000000   000000000000000   000000000000000   0000A0000000
 002070   61757648201   020172            2   001   210426   00   000000   0   000000000000000   000   000000000000000   000   000000000000000      000000000003354894   000   000000003354894   0   0000000000   A   0   0000000000   A   000000   000000   000000000000000   000000000000000   0000A0000000
 002070   61757648201   052001            2   001   210426   00   000000   0   000000000000000   000   000000000000000   000   000000000000000      000000000003292363   000   000000003292363   0   0000000000   A   0   0000000000   A   000000   000000   000000000000000   000000000000000   0000A0000000
 002070   61757648201   014916            2   030   210426   00   000000   0   000000000000000   000   000000000000000   000   000000000000000      000000000000174440   000   000000005233194   0   0000000000   A   0   0000000000   A   000000   000000   000000000000000   000000000000000   0000A0000000
 002070   61757648201   930306            2   001   210426   00   000000   0   000000000000000   000   000000000000000   000   000000000000000      000000000005335980   000   000000005335980   0   0000000000   A   0   0000000000   A   000000   000000   000000000000000   000000000000000   0000A0000000
 002070   61757648201   930306            2   001   210426   00   000000   0   000000000000000   000   000000000000000   000   000000000000000      000000000001915268   000   000000001915268   0   0000000000   A   0   0000000000   A   000000   000000   000000000000000   000000000000000   0000A0000000
 002070   61757648201   058689            2   001   210426   00   000000   0   000000000000000   000   000000000000000   000   000000000000000      000000000003643706   000   000000003643706   0   0000000000   A   0   0000000000   A   000000   000000   000000000000000   000000000000000   0000A0000000
 002070   61757648201   045332            2   001   210426   00   000000   0   000000000000000   000   000000000000000   000   000000000000000      000000000001638848   000   000000001638848   0   0000000000   A   0   0000000000   A   000000   000000   000000000000000   000000000000000   0000A0000000
 002070   61757648201   034031            2   001   210426   00   000000   0   000000000000000   000   000000000000000   000   000000000000000      000000000001143847   000   000000001143847   0   0000000000   A   0   0000000000   A   000000   000000   000000000000000   000000000000000   0000A0000000
 002070   61757648201   058606            2   002   210426   00   000000   0   000000000000000   000   000000000000000   000   000000000000000      000000000000460026   000   000000000920052   0   0000000000   A   0   0000000000   A   000000   000000   000000000000000   000000000000000   0000A0000000
 002070   61757648201   058373            2   001   210426   00   000000   0   000000000000000   000   000000000000000   000   000000000000000      000000000000367140   000   000000000367140   0   0000000000   A   0   0000000000   A   000000   000000   000000000000000   000000000000000   0000A0000000
 002070   61757648201   930306            2   005   210426   00   000000   0   000000000000000   000   000000000000000   000   000000000000000      000000000000047855   000   000000000239274   0   0000000000   A   0   0000000000   A   000000   000000   000000000000000   000000000000000   0000A0000000
 002070   61757648201   930306            2   001   210426   00   000000   0   000000000000000   000   000000000000000   000   000000000000000      000000000002472750   000   000000002472750   0   0000000000   A   0   0000000000   A   000000   000000   000000000000000   000000000000000   0000A0000000
 002070   61757648201   930306            2   001   210426   00   000000   0   000000000000000   000   000000000000000   000   000000000000000      000000000003420873   000   000000003420873   0   0000000000   A   0   0000000000   A   000000   000000   000000000000000   000000000000000   0000A0000000
 002070   63036327601   055439            2   002   270426   00   000000   0   000000000000000   000   000000000000000   000   000000000000000      000000000003761153   000   000000007522306   0   0000000000   A   0   0000000000   A   000000   000000   000000000000000   000000000000000   0000A0000000
 002070   63036327601   018168            2   001   270426   00   000000   0   000000000000000   000   000000000000000   000   000000000000000      000000000000873000   000   000000000873000   0   0000000000   A   0   0000000000   A   000000   000000   000000000000000   000000000000000   0000A0000000
 002070   63036327601   055443            2   001   270426   00   000000   0   000000000000000   000   000000000000000   000   000000000000000      000000000004812854   000   000000004812854   0   0000000000   A   0   0000000000   A   000000   000000   000000000000000   000000000000000   0000A0000000
 002070   63036327601   056870            2   001   270426   00   000000   0   000000000000000   000   000000000000000   000   000000000000000      000000000003767335   000   000000003767335   0   0000000000   A   0   0000000000   A   000000   000000   000000000000000   000000000000000   0000A0000000
 002070   63036327601   057916            2   001   270426   00   000000   0   000000000000000   000   000000000000000   000   000000000000000      000000000003565260   000   000000003565260   0   0000000000   A   0   0000000000   A   000000   000000   000000000000000   000000000000000   0000A0000000
 002070   63036327601   032583            2   001   270426   00   000000   0   000000000000000   000   000000000000000   000   000000000000000      000000000000747275   000   000000000747275   0   0000000000   A   0   0000000000   A   000000   000000   000000000000000   000000000000000   0000A0000000
 002070   63036327601   060196            2   001   270426   00   000000   0   000000000000000   000   000000000000000   000   000000000000000      000000000001740058   000   000000001740058   0   0000000000   A   0   0000000000   A   000000   000000   000000000000000   000000000000000   0000A0000000
 002070   63036327601   031837            2   001   270426   00   000000   0   000000000000000   000   000000000000000   000   000000000000000      000000000001245714   000   000000001245714   0   0000000000   A   0   0000000000   A   000000   000000   000000000000000   000000000000000   0000A0000000
 002070   63036327601   058373            2   001   270426   00   000000   0   000000000000000   000   000000000000000   000   000000000000000      000000000000367140   000   000000000367140   0   0000000000   A   0   0000000000   A   000000   000000   000000000000000   000000000000000   0000A0000000
 002070   63036327601   930306            2   005   270426   00   000000   0   000000000000000   000   000000000000000   000   000000000000000      000000000000047855   000   000000000239274   0   0000000000   A   0   0000000000   A   000000   000000   000000000000000   000000000000000   0000A0000000
 002070   61808022701   055439            2   002   310326   00   000000   0   000000000000000   000   000000000000000   000   000000000000000      000000000003761153   000   000000007522306   0   0000000000   A   0   0000000000   A   000000   000000   000000000000000   000000000000000   0000A0000000
 002070   61808022701   930306            2   001   310326   00   000000   0   000000000000000   000   000000000000000   000   000000000000000      000000000001184071   000   000000001184071   0   0000000000   A   0   0000000000   A   000000   000000   000000000000000   000000000000000   0000A0000000
 002070   61808022701   055442            2   001   310326   00   000000   0   000000000000000   000   000000000000000   000   000000000000000      000000000004438349   000   000000004438349   0   0000000000   A   0   0000000000   A   000000   000000   000000000000000   000000000000000   0000A0000000
 002070   61808022701   040297            2   002   310326   00   000000   0   000000000000000   000   000000000000000   000   000000000000000      000000000000521785   000   000000001043570   0   0000000000   A   0   0000000000   A   000000   000000   000000000000000   000000000000000   0000A0000000
 002070   61808022701   930306            2   001   310326   00   000000   0   000000000000000   000   000000000000000   000   000000000000000      000000000000381150   000   000000000381150   0   0000000000   A   0   0000000000   A   000000   000000   000000000000000   000000000000000   0000A0000000
 002070   61808022701   930306            2   001   310326   00   000000   0   000000000000000   000   000000000000000   000   000000000000000      000000000000168489   000   000000000168489   0   0000000000   A   0   0000000000   A   000000   000000   000000000000000   000000000000000   0000A0000000
 002070   61808022701   029366            2   002   310326   00   000000   0   000000000000000   000   000000000000000   000   000000000000000      000000000000498756   000   000000000997511   0   0000000000   A   0   0000000000   A   000000   000000   000000000000000   000000000000000   0000A0000000
 002070   61808022701   058373            2   003   310326   00   000000   0   000000000000000   000   000000000000000   000   000000000000000      000000000000367140   000   000000001101419   0   0000000000   A   0   0000000000   A   000000   000000   000000000000000   000000000000000   0000A0000000
 002070   61808022701   045332            2   003   310326   00   000000   0   000000000000000   000   000000000000000   000   000000000000000      000000000001638848   000   000000004916543   0   0000000000   A   0   0000000000   A   000000   000000   000000000000000   000000000000000   0000A0000000
 002070   61808022701   013530            2   001   310326   00   000000   0   000000000000000   000   000000000000000   000   000000000000000      000000000005140454   000   000000005140454   0   0000000000   A   0   0000000000   A   000000   000000   000000000000000   000000000000000   0000A0000000
 002070   61808022701   020095            2   003   310326   00   000000   0   000000000000000   000   000000000000000   000   000000000000000      000000000000023855   000   000000000071564   0   0000000000   A   0   0000000000   A   000000   000000   000000000000000   000000000000000   0000A0000000
 002070   61808022701   034031            2   001   310326   00   000000   0   000000000000000   000   000000000000000   000   000000000000000      000000000001143847   000   000000001143847   0   0000000000   A   0   0000000000   A   000000   000000   000000000000000   000000000000000   0000A0000000
 002070   61808022701   055439            2   002   010426   00   000000   0   000000000000000   000   000000000000000   000   000000000000000      000000000003761153   000   000000007522306   0   0000000000   A   0   0000000000   A   000000   000000   000000000000000   000000000000000   0000A0000000
 002070   61808022701   055442            2   001   010426   00   000000   0   000000000000000   000   000000000000000   000   000000000000000      000000000004438349   000   000000004438349   0   0000000000   A   0   0000000000   A   000000   000000   000000000000000   000000000000000   0000A0000000
 002070   61808022701   040297            2   002   010426   00   000000   0   000000000000000   000   000000000000000   000   000000000000000      000000000000521785   000   000000001043570   0   0000000000   A   0   0000000000   A   000000   000000   000000000000000   000000000000000   0000A0000000
 002070   61808022701   029366            2   002   010426   00   000000   0   000000000000000   000   000000000000000   000   000000000000000      000000000000498756   000   000000000997511   0   0000000000   A   0   0000000000   A   000000   000000   000000000000000   000000000000000   0000A0000000
 002070   61808022701   058373            2   002   010426   00   000000   0   000000000000000   000   000000000000000   000   000000000000000      000000000000367140   000   000000000734279   0   0000000000   A   0   0000000000   A   000000   000000   000000000000000   000000000000000   0000A0000000
 002070   61808022701   045332            2   001   010426   00   000000   0   000000000000000   000   000000000000000   000   000000000000000      000000000001638848   000   000000001638848   0   0000000000   A   0   0000000000   A   000000   000000   000000000000000   000000000000000   0000A0000000
 002070   61808022701   013530            2   001   010426   00   000000   0   000000000000000   000   000000000000000   000   000000000000000      000000000005140454   000   000000005140454   0   0000000000   A   0   0000000000   A   000000   000000   000000000000000   000000000000000   0000A0000000
 002070   61808022701   020095            2   003   010426   00   000000   0   000000000000000   000   000000000000000   000   000000000000000      000000000000023855   000   000000000071564   0   0000000000   A   0   0000000000   A   000000   000000   000000000000000   000000000000000   0000A0000000
 002070   61808022701   034031            2   001   010426   00   000000   0   000000000000000   000   000000000000000   000   000000000000000      000000000001143847   000   000000001143847   0   0000000000   A   0   0000000000   A   000000   000000   000000000000000   000000000000000   0000A0000000
 002070   61808022701   049924            2   001   010426   00   000000   0   000000000000000   000   000000000000000   000   000000000000000      000000000001412419   000   000000001412419   0   0000000000   A   0   0000000000   A   000000   000000   000000000000000   000000000000000   0000A0000000
 002070   61808022701   055439            2   004   020426   00   000000   0   000000000000000   000   000000000000000   000   000000000000000      000000000003761153   000   000000015044612   0   0000000000   A   0   0000000000   A   000000   000000   000000000000000   000000000000000   0000A0000000
 002070   61808022701   058373            2   001   020426   00   000000   0   000000000000000   000   000000000000000   000   000000000000000      000000000000367140   000   000000000367140   0   0000000000   A   0   0000000000   A   000000   000000   000000000000000   000000000000000   0000A0000000
 002070   61808022701   045332            2   006   020426   00   000000   0   000000000000000   000   000000000000000   000   000000000000000      000000000001638848   000   000000009833087   0   0000000000   A   0   0000000000   A   000000   000000   000000000000000   000000000000000   0000A0000000
 002070   61808022701   020095            2   006   020426   00   000000   0   000000000000000   000   000000000000000   000   000000000000000      000000000000023854   000   000000000143127   0   0000000000   A   0   0000000000   A   000000   000000   000000000000000   000000000000000   0000A0000000
 002070   61808022701   055439            2   002   020426   00   000000   0   000000000000000   000   000000000000000   000   000000000000000      000000000003761153   000   000000007522306   0   0000000000   A   0   0000000000   A   000000   000000   000000000000000   000000000000000   0000A0000000
 002070   61808022701   040297            2   002   020426   00   000000   0   000000000000000   000   000000000000000   000   000000000000000      000000000000521785   000   000000001043570   0   0000000000   A   0   0000000000   A   000000   000000   000000000000000   000000000000000   0000A0000000
 002070   15204082402   055439            2   004   020426   00   000000   0   000000000000000   000   000000000000000   000   000000000000000      000000000003761153   000   000000015044612   0   0000000000   A   0   0000000000   A   000000   000000   000000000000000   000000000000000   0000A0000000
 002070   15204082402   930306            2   001   020426   00   000000   0   000000000000000   000   000000000000000   000   000000000000000      000000000002472750   000   000000002472750   0   0000000000   A   0   0000000000   A   000000   000000   000000000000000   000000000000000   0000A0000000
 002070   15204082402   055442            2   001   020426   00   000000   0   000000000000000   000   000000000000000   000   000000000000000      000000000004438349   000   000000004438349   0   0000000000   A   0   0000000000   A   000000   000000   000000000000000   000000000000000   0000A0000000
 002070   15204082402   040297            2   002   020426   00   000000   0   000000000000000   000   000000000000000   000   000000000000000      000000000000521785   000   000000001043570   0   0000000000   A   0   0000000000   A   000000   000000   000000000000000   000000000000000   0000A0000000
 002070   15204082402   930306            2   001   020426   00   000000   0   000000000000000   000   000000000000000   000   000000000000000      000000000002472750   000   000000002472750   0   0000000000   A   0   0000000000   A   000000   000000   000000000000000   000000000000000   0000A0000000
 002070   15204082402   930306            2   001   020426   00   000000   0   000000000000000   000   000000000000000   000   000000000000000      000000000000168489   000   000000000168489   0   0000000000   A   0   0000000000   A   000000   000000   000000000000000   000000000000000   0000A0000000
 002070   15204082402   930306            2   001   020426   00   000000   0   000000000000000   000   000000000000000   000   000000000000000      000000000001184071   000   000000001184071   0   0000000000   A   0   0000000000   A   000000   000000   000000000000000   000000000000000   0000A0000000
 002070   15204082402   029366            2   003   020426   00   000000   0   000000000000000   000   000000000000000   000   000000000000000      000000000000498756   000   000000001496267   0   0000000000   A   0   0000000000   A   000000   000000   000000000000000   000000000000000   0000A0000000
 002070   15204082402   013530            2   001   020426   00   000000   0   000000000000000   000   000000000000000   000   000000000000000      000000000005140454   000   000000005140454   0   0000000000   A   0   0000000000   A   000000   000000   000000000000000   000000000000000   0000A0000000
 002070   15204082402   058373            2   003   020426   00   000000   0   000000000000000   000   000000000000000   000   000000000000000      000000000000367140   000   000000001101419   0   0000000000   A   0   0000000000   A   000000   000000   000000000000000   000000000000000   0000A0000000
 002070   15204082402   020095            2   003   020426   00   000000   0   000000000000000   000   000000000000000   000   000000000000000      000000000000023855   000   000000000071564   0   0000000000   A   0   0000000000   A   000000   000000   000000000000000   000000000000000   0000A0000000
 002070   15204082402   034031            2   001   020426   00   000000   0   000000000000000   000   000000000000000   000   000000000000000      000000000001143847   000   000000001143847   0   0000000000   A   0   0000000000   A   000000   000000   000000000000000   000000000000000   0000A0000000
 002070   15204082402   045332            2   002   020426   00   000000   0   000000000000000   000   000000000000000   000   000000000000000      000000000001638848   000   000000003277696   0   0000000000   A   0   0000000000   A   000000   000000   000000000000000   000000000000000   0000A0000000
 002070   15204082402   930306            2   001   020426   00   000000   0   000000000000000   000   000000000000000   000   000000000000000      000000000001184071   000   000000001184071   0   0000000000   A   0   0000000000   A   000000   000000   000000000000000   000000000000000   0000A0000000
 002070   61808022701   055439            2   001   020426   00   000000   0   000000000000000   000   000000000000000   000   000000000000000      000000000003761153   000   000000003761153   0   0000000000   A   0   0000000000   A   000000   000000   000000000000000   000000000000000   0000A0000000
 002070   15204082402   930306            2   001   040426   00   000000   0   000000000000000   000   000000000000000   000   000000000000000      000000000000381150   000   000000000381150   0   0000000000   A   0   0000000000   A   000000   000000   000000000000000   000000000000000   0000A0000000
 002070   15204082402   930306            2   001   040426   00   000000   0   000000000000000   000   000000000000000   000   000000000000000      000000000000381150   000   000000000381150   0   0000000000   A   0   0000000000   A   000000   000000   000000000000000   000000000000000   0000A0000000
 002070   62262792001   055439            2   001   090426   00   000000   0   000000000000000   000   000000000000000   000   000000000000000      000000000003761153   000   000000003761153   0   0000000000   A   0   0000000000   A   000000   000000   000000000000000   000000000000000   0000A0000000
 002070   62262792001   045332            2   001   090426   00   000000   0   000000000000000   000   000000000000000   000   000000000000000      000000000001638848   000   000000001638848   0   0000000000   A   0   0000000000   A   000000   000000   000000000000000   000000000000000   0000A0000000
 002070   62262792001   058606            2   001   090426   00   000000   0   000000000000000   000   000000000000000   000   000000000000000      000000000000460026   000   000000000460026   0   0000000000   A   0   0000000000   A   000000   000000   000000000000000   000000000000000   0000A0000000
 002070   61814752603   055439            2   001   160426   00   000000   0   000000000000000   000   000000000000000   000   000000000000000      000000000003761153   000   000000003761153   0   0000000000   A   0   0000000000   A   000000   000000   000000000000000   000000000000000   0000A0000000
 002070   61814752603   930306            2   001   160426   00   000000   0   000000000000000   000   000000000000000   000   000000000000000      000000000001184071   000   000000001184071   0   0000000000   A   0   0000000000   A   000000   000000   000000000000000   000000000000000   0000A0000000
 002070   61276774302   055439            2   002   210426   00   000000   0   000000000000000   000   000000000000000   000   000000000000000      000000000003761153   000   000000007522306   0   0000000000   A   0   0000000000   A   000000   000000   000000000000000   000000000000000   0000A0000000
 002070   61276774302   930306            2   001   210426   00   000000   0   000000000000000   000   000000000000000   000   000000000000000      000000000001184071   000   000000001184071   0   0000000000   A   0   0000000000   A   000000   000000   000000000000000   000000000000000   0000A0000000
 002070   61276774302   029366            2   003   210426   00   000000   0   000000000000000   000   000000000000000   000   000000000000000      000000000000498756   000   000000001496267   0   0000000000   A   0   0000000000   A   000000   000000   000000000000000   000000000000000   0000A0000000
 002070   61276774302   058373            2   003   210426   00   000000   0   000000000000000   000   000000000000000   000   000000000000000      000000000000367140   000   000000001101419   0   0000000000   A   0   0000000000   A   000000   000000   000000000000000   000000000000000   0000A0000000
 002070   61276774302   058606            2   002   210426   00   000000   0   000000000000000   000   000000000000000   000   000000000000000      000000000000460026   000   000000000920052   0   0000000000   A   0   0000000000   A   000000   000000   000000000000000   000000000000000   0000A0000000
 002070   61276774302   056438            2   004   210426   00   000000   0   000000000000000   000   000000000000000   000   000000000000000      000000000001743854   000   000000006975418   0   0000000000   A   0   0000000000   A   000000   000000   000000000000000   000000000000000   0000A0000000
 002070   61757648201   055439            2   005   210426   00   000000   0   000000000000000   000   000000000000000   000   000000000000000      000000000003761153   000   000000018805766   0   0000000000   A   0   0000000000   A   000000   000000   000000000000000   000000000000000   0000A0000000
 002070   61757648201   058606            2   003   210426   00   000000   0   000000000000000   000   000000000000000   000   000000000000000      000000000000460026   000   000000001380078   0   0000000000   A   0   0000000000   A   000000   000000   000000000000000   000000000000000   0000A0000000
 002070   61757648201   029366            2   003   210426   00   000000   0   000000000000000   000   000000000000000   000   000000000000000      000000000000498756   000   000000001496267   0   0000000000   A   0   0000000000   A   000000   000000   000000000000000   000000000000000   0000A0000000
 002070   61757648201   041924            2   005   210426   00   000000   0   000000000000000   000   000000000000000   000   000000000000000      000000000000616586   000   000000003082932   0   0000000000   A   0   0000000000   A   000000   000000   000000000000000   000000000000000   0000A0000000
 002070   61757648201   055439            2   004   220426   00   000000   0   000000000000000   000   000000000000000   000   000000000000000      000000000003761153   000   000000015044612   0   0000000000   A   0   0000000000   A   000000   000000   000000000000000   000000000000000   0000A0000000
 002070   61757648201   058606            2   003   220426   00   000000   0   000000000000000   000   000000000000000   000   000000000000000      000000000000460026   000   000000001380078   0   0000000000   A   0   0000000000   A   000000   000000   000000000000000   000000000000000   0000A0000000
 002070   61757648201   029366            2   003   220426   00   000000   0   000000000000000   000   000000000000000   000   000000000000000      000000000000498756   000   000000001496267   0   0000000000   A   0   0000000000   A   000000   000000   000000000000000   000000000000000   0000A0000000
 002070   61757648201   041924            2   003   220426   00   000000   0   000000000000000   000   000000000000000   000   000000000000000      000000000000616586   000   000000001849759   0   0000000000   A   0   0000000000   A   000000   000000   000000000000000   000000000000000   0000A0000000
 002070   61276774302   055439            2   002   220426   00   000000   0   000000000000000   000   000000000000000   000   000000000000000      000000000003761153   000   000000007522306   0   0000000000   A   0   0000000000   A   000000   000000   000000000000000   000000000000000   0000A0000000
 002070   61276774302   029366            2   003   220426   00   000000   0   000000000000000   000   000000000000000   000   000000000000000      000000000000498756   000   000000001496267   0   0000000000   A   0   0000000000   A   000000   000000   000000000000000   000000000000000   0000A0000000
 002070   61276774302   058373            2   003   220426   00   000000   0   000000000000000   000   000000000000000   000   000000000000000      000000000000367140   000   000000001101419   0   0000000000   A   0   0000000000   A   000000   000000   000000000000000   000000000000000   0000A0000000
 002070   61276774302   058606            2   002   220426   00   000000   0   000000000000000   000   000000000000000   000   000000000000000      000000000000460026   000   000000000920052   0   0000000000   A   0   0000000000   A   000000   000000   000000000000000   000000000000000   0000A0000000
 002070   61276774302   056438            2   003   220426   00   000000   0   000000000000000   000   000000000000000   000   000000000000000      000000000001743854   000   000000005231563   0   0000000000   A   0   0000000000   A   000000   000000   000000000000000   000000000000000   0000A0000000
 002070   61276774302   058606            2   001   220426   00   000000   0   000000000000000   000   000000000000000   000   000000000000000      000000000000460026   000   000000000460026   0   0000000000   A   0   0000000000   A   000000   000000   000000000000000   000000000000000   0000A0000000
 002070   61276774302   049924            2   003   220426   00   000000   0   000000000000000   000   000000000000000   000   000000000000000      000000000001412419   000   000000004237256   0   0000000000   A   0   0000000000   A   000000   000000   000000000000000   000000000000000   0000A0000000
 002070   61276774302   034031            2   001   220426   00   000000   0   000000000000000   000   000000000000000   000   000000000000000      000000000001143847   000   000000001143847   0   0000000000   A   0   0000000000   A   000000   000000   000000000000000   000000000000000   0000A0000000
 002070   61276774302   930306            2   002   220426   00   000000   0   000000000000000   000   000000000000000   000   000000000000000      000000000000382800   000   000000000765601   0   0000000000   A   0   0000000000   A   000000   000000   000000000000000   000000000000000   0000A0000000
 002070   61276774302   930306            2   001   220426   00   000000   0   000000000000000   000   000000000000000   000   000000000000000      000000000000366932   000   000000000366932   0   0000000000   A   0   0000000000   A   000000   000000   000000000000000   000000000000000   0000A0000000
 002070   61276774302   930306            2   001   220426   00   000000   0   000000000000000   000   000000000000000   000   000000000000000      000000000000381150   000   000000000381150   0   0000000000   A   0   0000000000   A   000000   000000   000000000000000   000000000000000   0000A0000000
 002070   61757648201   930306            2   001   220426   00   000000   0   000000000000000   000   000000000000000   000   000000000000000      000000000002026125   000   000000002026125   0   0000000000   A   0   0000000000   A   000000   000000   000000000000000   000000000000000   0000A0000000
 002070   61757648201   930306            2   001   220426   00   000000   0   000000000000000   000   000000000000000   000   000000000000000      000000000002026125   000   000000002026125   0   0000000000   A   0   0000000000   A   000000   000000   000000000000000   000000000000000   0000A0000000
 002070   61757648201   930306            2   001   220426   00   000000   0   000000000000000   000   000000000000000   000   000000000000000      000000000000382801   000   000000000382801   0   0000000000   A   0   0000000000   A   000000   000000   000000000000000   000000000000000   0000A0000000
 002070   61757648201   930306            2   001   220426   00   000000   0   000000000000000   000   000000000000000   000   000000000000000      000000000000381150   000   000000000381150   0   0000000000   A   0   0000000000   A   000000   000000   000000000000000   000000000000000   0000A0000000
 002070   61276774302   055439            2   002   230426   00   000000   0   000000000000000   000   000000000000000   000   000000000000000      000000000003761153   000   000000007522306   0   0000000000   A   0   0000000000   A   000000   000000   000000000000000   000000000000000   0000A0000000
 002070   61276774302   029366            2   003   230426   00   000000   0   000000000000000   000   000000000000000   000   000000000000000      000000000000498756   000   000000001496267   0   0000000000   A   0   0000000000   A   000000   000000   000000000000000   000000000000000   0000A0000000
 002070   61276774302   058373            2   003   230426   00   000000   0   000000000000000   000   000000000000000   000   000000000000000      000000000000367140   000   000000001101419   0   0000000000   A   0   0000000000   A   000000   000000   000000000000000   000000000000000   0000A0000000
 002070   61276774302   056438            2   004   230426   00   000000   0   000000000000000   000   000000000000000   000   000000000000000      000000000001743854   000   000000006975418   0   0000000000   A   0   0000000000   A   000000   000000   000000000000000   000000000000000   0000A0000000
 002070   61276774302   058606            2   003   230426   00   000000   0   000000000000000   000   000000000000000   000   000000000000000      000000000000460026   000   000000001380078   0   0000000000   A   0   0000000000   A   000000   000000   000000000000000   000000000000000   0000A0000000
 002070   61276774302   049924            2   003   230426   00   000000   0   000000000000000   000   000000000000000   000   000000000000000      000000000001412419   000   000000004237256   0   0000000000   A   0   0000000000   A   000000   000000   000000000000000   000000000000000   0000A0000000
 002070   61276774302   034031            2   001   230426   00   000000   0   000000000000000   000   000000000000000   000   000000000000000      000000000001143847   000   000000001143847   0   0000000000   A   0   0000000000   A   000000   000000   000000000000000   000000000000000   0000A0000000
 002070   61276774302   055439            2   002   240426   00   000000   0   000000000000000   000   000000000000000   000   000000000000000      000000000003761153   000   000000007522306   0   0000000000   A   0   0000000000   A   000000   000000   000000000000000   000000000000000   0000A0000000
 002070   61276774302   029366            2   003   240426   00   000000   0   000000000000000   000   000000000000000   000   000000000000000      000000000000498756   000   000000001496267   0   0000000000   A   0   0000000000   A   000000   000000   000000000000000   000000000000000   0000A0000000
 002070   61276774302   058373            2   003   240426   00   000000   0   000000000000000   000   000000000000000   000   000000000000000      000000000000367140   000   000000001101419   0   0000000000   A   0   0000000000   A   000000   000000   000000000000000   000000000000000   0000A0000000
 002070   61276774302   056438            2   004   240426   00   000000   0   000000000000000   000   000000000000000   000   000000000000000      000000000001743854   000   000000006975418   0   0000000000   A   0   0000000000   A   000000   000000   000000000000000   000000000000000   0000A0000000
 002070   61276774302   058606            2   003   240426   00   000000   0   000000000000000   000   000000000000000   000   000000000000000      000000000000460026   000   000000001380078   0   0000000000   A   0   0000000000   A   000000   000000   000000000000000   000000000000000   0000A0000000
 002070   61276774302   049924            2   003   240426   00   000000   0   000000000000000   000   000000000000000   000   000000000000000      000000000001412419   000   000000004237256   0   0000000000   A   0   0000000000   A   000000   000000   000000000000000   000000000000000   0000A0000000
 002070   61276774302   034031            2   001   240426   00   000000   0   000000000000000   000   000000000000000   000   000000000000000      000000000001143847   000   000000001143847   0   0000000000   A   0   0000000000   A   000000   000000   000000000000000   000000000000000   0000A0000000
 002070   61276774302   930306            2   001   240426   00   000000   0   000000000000000   000   000000000000000   000   000000000000000      000000000000382801   000   000000000382801   0   0000000000   A   0   0000000000   A   000000   000000   000000000000000   000000000000000   0000A0000000
 002070   61276774302   930306            2   001   240426   00   000000   0   000000000000000   000   000000000000000   000   000000000000000      000000000000381150   000   000000000381150   0   0000000000   A   0   0000000000   A   000000   000000   000000000000000   000000000000000   0000A0000000
 002070   63036327601   029366            2   001   240426   00   000000   0   000000000000000   000   000000000000000   000   000000000000000      000000000000498756   000   000000000498756   0   0000000000   A   0   0000000000   A   000000   000000   000000000000000   000000000000000   0000A0000000
 002070   63036327601   930306            2   001   240426   00   000000   0   000000000000000   000   000000000000000   000   000000000000000      000000000000382801   000   000000000382801   0   0000000000   A   0   0000000000   A   000000   000000   000000000000000   000000000000000   0000A0000000
 002070   63036327601   058606            2   001   240426   00   000000   0   000000000000000   000   000000000000000   000   000000000000000      000000000000460026   000   000000000460026   0   0000000000   A   0   0000000000   A   000000   000000   000000000000000   000000000000000   0000A0000000
 002070   63036327601   930306            2   001   240426   00   000000   0   000000000000000   000   000000000000000   000   000000000000000      000000000000168489   000   000000000168489   0   0000000000   A   0   0000000000   A   000000   000000   000000000000000   000000000000000   0000A0000000
 002070   63036327601   930306            2   001   240426   00   000000   0   000000000000000   000   000000000000000   000   000000000000000      000000000000381150   000   000000000381150   0   0000000000   A   0   0000000000   A   000000   000000   000000000000000   000000000000000   0000A0000000
 002070   63036327601   055439            2   001   240426   00   000000   0   000000000000000   000   000000000000000   000   000000000000000      000000000003761153   000   000000003761153   0   0000000000   A   0   0000000000   A   000000   000000   000000000000000   000000000000000   0000A0000000
 002070   63036327601   930306            2   001   240426   00   000000   0   000000000000000   000   000000000000000   000   000000000000000      000000000002472750   000   000000002472750   0   0000000000   A   0   0000000000   A   000000   000000   000000000000000   000000000000000   0000A0000000
 002070   63036327601   930306            2   001   240426   00   000000   0   000000000000000   000   000000000000000   000   000000000000000      000000000001184071   000   000000001184071   0   0000000000   A   0   0000000000   A   000000   000000   000000000000000   000000000000000   0000A0000000
 002070   63036327601   055439            2   004   250426   00   000000   0   000000000000000   000   000000000000000   000   000000000000000      000000000003761153   000   000000015044612   0   0000000000   A   0   0000000000   A   000000   000000   000000000000000   000000000000000   0000A0000000
 002070   63036327601   029366            2   006   250426   00   000000   0   000000000000000   000   000000000000000   000   000000000000000      000000000000498756   000   000000002992534   0   0000000000   A   0   0000000000   A   000000   000000   000000000000000   000000000000000   0000A0000000
 002070   63036327601   058606            2   006   250426   00   000000   0   000000000000000   000   000000000000000   000   000000000000000      000000000000460026   000   000000002760156   0   0000000000   A   0   0000000000   A   000000   000000   000000000000000   000000000000000   0000A0000000
 002070   61276774302   055439            2   004   250426   00   000000   0   000000000000000   000   000000000000000   000   000000000000000      000000000003761153   000   000000015044612   0   0000000000   A   0   0000000000   A   000000   000000   000000000000000   000000000000000   0000A0000000
 002070   61276774302   029366            2   006   250426   00   000000   0   000000000000000   000   000000000000000   000   000000000000000      000000000000498756   000   000000002992534   0   0000000000   A   0   0000000000   A   000000   000000   000000000000000   000000000000000   0000A0000000
 002070   61276774302   058373            2   006   250426   00   000000   0   000000000000000   000   000000000000000   000   000000000000000      000000000000367140   000   000000002202838   0   0000000000   A   0   0000000000   A   000000   000000   000000000000000   000000000000000   0000A0000000
 002070   61276774302   058606            2   006   250426   00   000000   0   000000000000000   000   000000000000000   000   000000000000000      000000000000460026   000   000000002760156   0   0000000000   A   0   0000000000   A   000000   000000   000000000000000   000000000000000   0000A0000000
 002070   61276774302   049924            2   006   250426   00   000000   0   000000000000000   000   000000000000000   000   000000000000000      000000000001412419   000   000000008474512   0   0000000000   A   0   0000000000   A   000000   000000   000000000000000   000000000000000   0000A0000000
 002070   61276774302   034031            2   002   250426   00   000000   0   000000000000000   000   000000000000000   000   000000000000000      000000000001143847   000   000000002287694   0   0000000000   A   0   0000000000   A   000000   000000   000000000000000   000000000000000   0000A0000000
 002070   61276774302   056438            2   005   250426   00   000000   0   000000000000000   000   000000000000000   000   000000000000000      000000000001743854   000   000000008719272   0   0000000000   A   0   0000000000   A   000000   000000   000000000000000   000000000000000   0000A0000000
 002070   63036327601   022323            2   004   250426   00   000000   0   000000000000000   000   000000000000000   000   000000000000000      000000000002018213   000   000000008072852   0   0000000000   A   0   0000000000   A   000000   000000   000000000000000   000000000000000   0000A0000000
 002070   63036327601   055439            2   001   270426   00   000000   0   000000000000000   000   000000000000000   000   000000000000000      000000000003761153   000   000000003761153   0   0000000000   A   0   0000000000   A   000000   000000   000000000000000   000000000000000   0000A0000000
 002070   63036327601   029366            2   003   270426   00   000000   0   000000000000000   000   000000000000000   000   000000000000000      000000000000498756   000   000000001496267   0   0000000000   A   0   0000000000   A   000000   000000   000000000000000   000000000000000   0000A0000000
 002070   63036327601   058606            2   003   270426   00   000000   0   000000000000000   000   000000000000000   000   000000000000000      000000000000460026   000   000000001380078   0   0000000000   A   0   0000000000   A   000000   000000   000000000000000   000000000000000   0000A0000000
 002070   63036327601   022323            2   002   270426   00   000000   0   000000000000000   000   000000000000000   000   000000000000000      000000000002018213   000   000000004036426   0   0000000000   A   0   0000000000   A   000000   000000   000000000000000   000000000000000   0000A0000000
 002070   63036327601   058606            2   001   270426   00   000000   0   000000000000000   000   000000000000000   000   000000000000000      000000000000460026   000   000000000460026   0   0000000000   A   0   0000000000   A   000000   000000   000000000000000   000000000000000   0000A0000000
 002070   63036327601   029366            2   001   270426   00   000000   0   000000000000000   000   000000000000000   000   000000000000000      000000000000498756   000   000000000498756   0   0000000000   A   0   0000000000   A   000000   000000   000000000000000   000000000000000   0000A0000000
 002070   63036327601   930306            2   001   270426   00   000000   0   000000000000000   000   000000000000000   000   000000000000000      000000000000382801   000   000000000382801   0   0000000000   A   0   0000000000   A   000000   000000   000000000000000   000000000000000   0000A0000000
 002070   63036327601   930306            2   001   270426   00   000000   0   000000000000000   000   000000000000000   000   000000000000000      000000000000382801   000   000000000382801   0   0000000000   A   0   0000000000   A   000000   000000   000000000000000   000000000000000   0000A0000000
 002070   63036327601   930306            2   001   270426   00   000000   0   000000000000000   000   000000000000000   000   000000000000000      000000000000381150   000   000000000381150   0   0000000000   A   0   0000000000   A   000000   000000   000000000000000   000000000000000   0000A0000000
 002070   63036327601   029366            2   001   280426   00   000000   0   000000000000000   000   000000000000000   000   000000000000000      000000000000498756   000   000000000498756   0   0000000000   A   0   0000000000   A   000000   000000   000000000000000   000000000000000   0000A0000000
 002070   63036327601   058606            2   001   280426   00   000000   0   000000000000000   000   000000000000000   000   000000000000000      000000000000460026   000   000000000460026   0   0000000000   A   0   0000000000   A   000000   000000   000000000000000   000000000000000   0000A0000000
 002070   63036327601   022323            2   001   280426   00   000000   0   000000000000000   000   000000000000000   000   000000000000000      000000000002018213   000   000000002018213   0   0000000000   A   0   0000000000   A   000000   000000   000000000000000   000000000000000   0000A0000000
 002070   61808022701   340907            2   001   310326   00   000000   0   000000000000000   000   000000000000000   000   000000000000000      000000000003132554   000   000000003132554   0   0000000000   A   0   0000000000   A   000000   000000   000000000000000   000000000000000   0000A0000000
 002070   15204082402   340907            2   001   020426   00   000000   0   000000000000000   000   000000000000000   000   000000000000000      000000000003132554   000   000000003132554   0   0000000000   A   0   0000000000   A   000000   000000   000000000000000   000000000000000   0000A0000000
 002070   63036327601   170101            2   001   240426   00   000000   0   000000000794314   000   000000000000000   000   000000000000000      000000000000000000   000   000000000794314   0   0000000000   A   0   0000000000   A   000000   000000   000000000000000   000000000000000   0000A0000000
 002070   63036327601   420303            2   001   240426   00   000000   0   000000000000000   000   000000000000000   000   000000000000000      000000000001267979   000   000000001267979   0   0000000000   A   0   0000000000   A   000000   000000   000000000000000   000000000000000   0000A0000000
 002070   63036327601   420301            2   001   250426   00   000000   0   000000001267979   000   000000000000000   000   000000000000000      000000000000000000   000   000000001267979   0   0000000000   A   0   0000000000   A   000000   000000   000000000000000   000000000000000   0000A0000000
 002070   63036327601   340907            2   001   270426   00   000000   0   000000000000000   000   000000000000000   000   000000000000000      000000000003132554   000   000000003132554   0   0000000000   A   0   0000000000   A   000000   000000   000000000000000   000000000000000   0000A0000000
