 026070   61276774302   400101            2   002   290420   00   000000   0   000000000000000   000   000000000000000   000   000000000000000      000000000038465304   000   000000076930608   0   0000000000   A   0   0000000000   A   000000   000000   000000000000000   000000000000000   0000A0000000
 002070   61276774302   430171            2   006   010526   00   000000   0   000000000000000   000   000000000000000   000   000000000000000      000000000023256235   000   000000139537410   0   0000000000   A   0   0000000000   A   000000   000000   000000000000000   000000000000000   0000A0000000
 002070   15207734502   430171            2   001   180526   00   000000   0   000000000000000   000   000000000000000   000   000000000000000      000000000023256235   000   000000023256235   0   0000000000   A   0   0000000000   A   000000   000000   000000000000000   000000000000000   0000A0000000
 002070   15204386602   430185            2   001   190526   00   000000   0   000000000000000   000   000000000000000   000   000000000000000      000000000008190383   000   000000008190383   0   0000000000   A   0   0000000000   A   000000   000000   000000000000000   000000000000000   0000A0000000
 002070   15203507301   430185            2   001   260526   00   000000   0   000000000000000   000   000000000000000   000   000000000000000      000000000008190383   000   000000008190383   0   0000000000   A   0   0000000000   A   000000   000000   000000000000000   000000000000000   0000A0000000
 002070   62982138001   430185            2   001   270526   00   000000   0   000000000000000   000   000000000000000   000   000000000000000      000000000008190383   000   000000008190383   0   0000000000   A   0   0000000000   A   000000   000000   000000000000000   000000000000000   0000A0000000
 002070   62931241801   430185            2   001   290526   00   000000   0   000000000000000   000   000000000000000   000   000000000000000      000000000008190383   000   000000008190383   0   0000000000   A   0   0000000000   A   000000   000000   000000000000000   000000000000000   0000A0000000
 002070   61276774302   030902            2   001   300426   00   000000   0   000000000000000   000   000000000000000   000   000000000000000      000000000040866933   000   000000012260080   0   0000000000   A   0   0000000000   A   000000   000000   000000000000000   000000000000000   0000A0000000
 002070   61276774302   431101            2   001   300426   00   000000   0   000000000000000   000   000000000000000   000   000000000000000      000000000001179421   000   000000001179421   0   0000000000   A   0   0000000000   A   000000   000000   000000000000000   000000000000000   0000A0000000
 002070   61276774302   031005            2   001   300426   00   000000   0   000000000000000   000   000000000000000   000   000000000000000      000000000051739788   000   000000051739788   0   0000000000   A   0   0000000000   A   000000   000000   000000000000000   000000000000000   0000A0000000
 002070   61276774302   020172            2   001   300426   00   000000   0   000000000000000   000   000000000000000   000   000000000000000      000000000003354894   000   000000003354894   0   0000000000   A   0   0000000000   A   000000   000000   000000000000000   000000000000000   0000A0000000
 002070   61276774302   052001            2   001   300426   00   000000   0   000000000000000   000   000000000000000   000   000000000000000      000000000003292363   000   000000003292363   0   0000000000   A   0   0000000000   A   000000   000000   000000000000000   000000000000000   0000A0000000
 002070   61276774302   014916            2   045   300426   00   000000   0   000000000000000   000   000000000000000   000   000000000000000      000000000000183860   000   000000008273704   0   0000000000   A   0   0000000000   A   000000   000000   000000000000000   000000000000000   0000A0000000
 002070   61276774302   055439            2   004   300426   00   000000   0   000000000000000   000   000000000000000   000   000000000000000      000000000003723915   000   000000014895659   0   0000000000   A   0   0000000000   A   000000   000000   000000000000000   000000000000000   0000A0000000
 002070   61276774302   024577            2   001   300426   00   000000   0   000000000000000   000   000000000000000   000   000000000000000      000000000000432824   000   000000000432824   0   0000000000   A   0   0000000000   A   000000   000000   000000000000000   000000000000000   0000A0000000
 002070   61276774302   031837            2   001   300426   00   000000   0   000000000000000   000   000000000000000   000   000000000000000      000000000001245714   000   000000001245714   0   0000000000   A   0   0000000000   A   000000   000000   000000000000000   000000000000000   0000A0000000
 002070   61276774302   058689            2   001   300426   00   000000   0   000000000000000   000   000000000000000   000   000000000000000      000000000003643706   000   000000003643706   0   0000000000   A   0   0000000000   A   000000   000000   000000000000000   000000000000000   0000A0000000
 002070   61276774302   045332            2   001   300426   00   000000   0   000000000000000   000   000000000000000   000   000000000000000      000000000001638848   000   000000001638848   0   0000000000   A   0   0000000000   A   000000   000000   000000000000000   000000000000000   0000A0000000
 002070   61276774302   034031            2   001   300426   00   000000   0   000000000000000   000   000000000000000   000   000000000000000      000000000001182738   000   000000001182738   0   0000000000   A   0   0000000000   A   000000   000000   000000000000000   000000000000000   0000A0000000
 002070   61276774302   058606            2   002   300426   00   000000   0   000000000000000   000   000000000000000   000   000000000000000      000000000000460026   000   000000000920052   0   0000000000   A   0   0000000000   A   000000   000000   000000000000000   000000000000000   0000A0000000
 002070   61276774302   049924            2   001   300426   00   000000   0   000000000000000   000   000000000000000   000   000000000000000      000000000001412419   000   000000001412419   0   0000000000   A   0   0000000000   A   000000   000000   000000000000000   000000000000000   0000A0000000
 002070   61276774302   930306            2   005   300426   00   000000   0   000000000000000   000   000000000000000   000   000000000000000      000000000000047855   000   000000000239274   0   0000000000   A   0   0000000000   A   000000   000000   000000000000000   000000000000000   0000A0000000
 002070   61276774302   930306            2   001   300426   00   000000   0   000000000000000   000   000000000000000   000   000000000000000      000000000003420873   000   000000003420873   0   0000000000   A   0   0000000000   A   000000   000000   000000000000000   000000000000000   0000A0000000
 002070   61276774302   060196            2   001   300426   00   000000   0   000000000000000   000   000000000000000   000   000000000000000      000000000001740058   000   000000001740058   0   0000000000   A   0   0000000000   A   000000   000000   000000000000000   000000000000000   0000A0000000
 002070   61276774302   930306            2   002   290426   00   000000   0   000000000000000   000   000000000000000   000   000000000000000      000000000000193992   000   000000000387983   0   0000000000   A   0   0000000000   A   000000   000000   000000000000000   000000000000000   0000A0000000
 002070   61276774302   930306            2   001   290426   00   000000   0   000000000000000   000   000000000000000   000   000000000000000      000000000000382801   000   000000000382801   0   0000000000   A   0   0000000000   A   000000   000000   000000000000000   000000000000000   0000A0000000
 002070   61276774302   930306            2   001   290426   00   000000   0   000000000000000   000   000000000000000   000   000000000000000      000000000000168489   000   000000000168489   0   0000000000   A   0   0000000000   A   000000   000000   000000000000000   000000000000000   0000A0000000
 002070   61276774302   930306            2   001   290426   00   000000   0   000000000000000   000   000000000000000   000   000000000000000      000000000000381150   000   000000000381150   0   0000000000   A   0   0000000000   A   000000   000000   000000000000000   000000000000000   0000A0000000
 002070   61276774302   053986            2   001   290426   00   000000   0   000000000000000   000   000000000000000   000   000000000000000      000000000000238054   000   000000000238054   0   0000000000   A   0   0000000000   A   000000   000000   000000000000000   000000000000000   0000A0000000
 002070   61276774302   930306            2   001   290426   00   000000   0   000000000000000   000   000000000000000   000   000000000000000      000000000002472750   000   000000002472750   0   0000000000   A   0   0000000000   A   000000   000000   000000000000000   000000000000000   0000A0000000
 002070   61276774302   930306            2   001   290426   00   000000   0   000000000000000   000   000000000000000   000   000000000000000      000000000001184071   000   000000001184071   0   0000000000   A   0   0000000000   A   000000   000000   000000000000000   000000000000000   0000A0000000
 002070   61276774302   029366            2   001   290426   00   000000   0   000000000000000   000   000000000000000   000   000000000000000      000000000000498756   000   000000000498756   0   0000000000   A   0   0000000000   A   000000   000000   000000000000000   000000000000000   0000A0000000
 002070   61276774302   053986            2   001   290426   00   000000   0   000000000000000   000   000000000000000   000   000000000000000      000000000000238054   000   000000000238054   0   0000000000   A   0   0000000000   A   000000   000000   000000000000000   000000000000000   0000A0000000
 002070   61276774302   930306            2   003   290426   00   000000   0   000000000000000   000   000000000000000   000   000000000000000      000000000000047855   000   000000000143564   0   0000000000   A   0   0000000000   A   000000   000000   000000000000000   000000000000000   0000A0000000
 002070   61276774302   058606            2   001   290426   00   000000   0   000000000000000   000   000000000000000   000   000000000000000      000000000000460026   000   000000000460026   0   0000000000   A   0   0000000000   A   000000   000000   000000000000000   000000000000000   0000A0000000
 002070   61276774302   058606            2   001   300426   00   000000   0   000000000000000   000   000000000000000   000   000000000000000      000000000000460026   000   000000000460026   0   0000000000   A   0   0000000000   A   000000   000000   000000000000000   000000000000000   0000A0000000
 002070   61276774302   029366            2   001   300426   00   000000   0   000000000000000   000   000000000000000   000   000000000000000      000000000000498756   000   000000000498756   0   0000000000   A   0   0000000000   A   000000   000000   000000000000000   000000000000000   0000A0000000
 002070   61276774302   053986            2   002   300426   00   000000   0   000000000000000   000   000000000000000   000   000000000000000      000000000000238054   000   000000000476107   0   0000000000   A   0   0000000000   A   000000   000000   000000000000000   000000000000000   0000A0000000
 002070   61276774302   055439            2   001   300426   00   000000   0   000000000000000   000   000000000000000   000   000000000000000      000000000003723915   000   000000003723915   0   0000000000   A   0   0000000000   A   000000   000000   000000000000000   000000000000000   0000A0000000
 002070   61276774302   058606            2   001   300426   00   000000   0   000000000000000   000   000000000000000   000   000000000000000      000000000000460026   000   000000000460026   0   0000000000   A   0   0000000000   A   000000   000000   000000000000000   000000000000000   0000A0000000
 002070   61276774302   029366            2   001   300426   00   000000   0   000000000000000   000   000000000000000   000   000000000000000      000000000000498756   000   000000000498756   0   0000000000   A   0   0000000000   A   000000   000000   000000000000000   000000000000000   0000A0000000
 002070   61276774302   053986            2   002   300426   00   000000   0   000000000000000   000   000000000000000   000   000000000000000      000000000000238054   000   000000000476107   0   0000000000   A   0   0000000000   A   000000   000000   000000000000000   000000000000000   0000A0000000
 002070   61276774302   055439            2   006   300426   00   000000   0   000000000000000   000   000000000000000   000   000000000000000      000000000003723915   000   000000022343488   0   0000000000   A   0   0000000000   A   000000   000000   000000000000000   000000000000000   0000A0000000
 002070   61276774302   029366            2   006   300426   00   000000   0   000000000000000   000   000000000000000   000   000000000000000      000000000000498756   000   000000002992534   0   0000000000   A   0   0000000000   A   000000   000000   000000000000000   000000000000000   0000A0000000
 002070   61276774302   058606            2   006   300426   00   000000   0   000000000000000   000   000000000000000   000   000000000000000      000000000000460026   000   000000002760156   0   0000000000   A   0   0000000000   A   000000   000000   000000000000000   000000000000000   0000A0000000
 002070   61276774302   930306            2   001   300426   00   000000   0   000000000000000   000   000000000000000   000   000000000000000      000000000000168489   000   000000000168489   0   0000000000   A   0   0000000000   A   000000   000000   000000000000000   000000000000000   0000A0000000
 002070   61276774302   930306            2   001   300426   00   000000   0   000000000000000   000   000000000000000   000   000000000000000      000000000001184071   000   000000001184071   0   0000000000   A   0   0000000000   A   000000   000000   000000000000000   000000000000000   0000A0000000
 002070   61276774302   049924            2   004   300426   00   000000   0   000000000000000   000   000000000000000   000   000000000000000      000000000001412418   000   000000005649674   0   0000000000   A   0   0000000000   A   000000   000000   000000000000000   000000000000000   0000A0000000
 002070   61276774302   930306            2   003   300426   00   000000   0   000000000000000   000   000000000000000   000   000000000000000      000000000000193991   000   000000000581974   0   0000000000   A   0   0000000000   A   000000   000000   000000000000000   000000000000000   0000A0000000
 002070   61276774302   930306            2   003   300426   00   000000   0   000000000000000   000   000000000000000   000   000000000000000      000000000000047855   000   000000000143564   0   0000000000   A   0   0000000000   A   000000   000000   000000000000000   000000000000000   0000A0000000
 002070   61276774302   053986            2   001   300426   00   000000   0   000000000000000   000   000000000000000   000   000000000000000      000000000000238054   000   000000000238054   0   0000000000   A   0   0000000000   A   000000   000000   000000000000000   000000000000000   0000A0000000
 002070   61276774302   045332            2   001   010526   00   000000   0   000000000000000   000   000000000000000   000   000000000000000      000000000001638848   000   000000001638848   0   0000000000   A   0   0000000000   A   000000   000000   000000000000000   000000000000000   0000A0000000
 002070   61276774302   058373            2   001   010526   00   000000   0   000000000000000   000   000000000000000   000   000000000000000      000000000000367140   000   000000000367140   0   0000000000   A   0   0000000000   A   000000   000000   000000000000000   000000000000000   0000A0000000
 002070   61276774302   053986            2   002   010526   00   000000   0   000000000000000   000   000000000000000   000   000000000000000      000000000000238054   000   000000000476107   0   0000000000   A   0   0000000000   A   000000   000000   000000000000000   000000000000000   0000A0000000
 002070   61276774302   034031            2   001   010526   00   000000   0   000000000000000   000   000000000000000   000   000000000000000      000000000001182738   000   000000001182738   0   0000000000   A   0   0000000000   A   000000   000000   000000000000000   000000000000000   0000A0000000
 002070   61276774302   058373            2   001   010526   00   000000   0   000000000000000   000   000000000000000   000   000000000000000      000000000000367140   000   000000000367140   0   0000000000   A   0   0000000000   A   000000   000000   000000000000000   000000000000000   0000A0000000
 002070   61276774302   930306            2   001   010526   00   000000   0   000000000000000   000   000000000000000   000   000000000000000      000000000002534534   000   000000002534534   0   0000000000   A   0   0000000000   A   000000   000000   000000000000000   000000000000000   0000A0000000
 002070   61276774302   930306            2   001   010526   00   000000   0   000000000000000   000   000000000000000   000   000000000000000      000000000000320440   000   000000000320440   0   0000000000   A   0   0000000000   A   000000   000000   000000000000000   000000000000000   0000A0000000
 002070   61276774302   930306            2   001   010526   00   000000   0   000000000000000   000   000000000000000   000   000000000000000      000000000002472750   000   000000002472750   0   0000000000   A   0   0000000000   A   000000   000000   000000000000000   000000000000000   0000A0000000
 002070   61276774302   053986            2   002   010526   00   000000   0   000000000000000   000   000000000000000   000   000000000000000      000000000000238054   000   000000000476107   0   0000000000   A   0   0000000000   A   000000   000000   000000000000000   000000000000000   0000A0000000
 002070   61276774302   055439            2   001   020526   00   000000   0   000000000000000   000   000000000000000   000   000000000000000      000000000003723915   000   000000003723915   0   0000000000   A   0   0000000000   A   000000   000000   000000000000000   000000000000000   0000A0000000
 002070   61276774302   055439            2   001   020526   00   000000   0   000000000000000   000   000000000000000   000   000000000000000      000000000003723915   000   000000003723915   0   0000000000   A   0   0000000000   A   000000   000000   000000000000000   000000000000000   0000A0000000
 002070   61276774302   055439            2   001   020526   00   000000   0   000000000000000   000   000000000000000   000   000000000000000      000000000003723915   000   000000003723915   0   0000000000   A   0   0000000000   A   000000   000000   000000000000000   000000000000000   0000A0000000
 002070   61276774302   058373            2   001   020526   00   000000   0   000000000000000   000   000000000000000   000   000000000000000      000000000000367140   000   000000000367140   0   0000000000   A   0   0000000000   A   000000   000000   000000000000000   000000000000000   0000A0000000
 002070   61276774302   045332            2   001   020526   00   000000   0   000000000000000   000   000000000000000   000   000000000000000      000000000001638848   000   000000001638848   0   0000000000   A   0   0000000000   A   000000   000000   000000000000000   000000000000000   0000A0000000
 002070   61276774302   055439            2   006   020526   00   000000   0   000000000000000   000   000000000000000   000   000000000000000      000000000003723915   000   000000022343488   0   0000000000   A   0   0000000000   A   000000   000000   000000000000000   000000000000000   0000A0000000
 002070   61276774302   058373            2   006   020526   00   000000   0   000000000000000   000   000000000000000   000   000000000000000      000000000000367140   000   000000002202838   0   0000000000   A   0   0000000000   A   000000   000000   000000000000000   000000000000000   0000A0000000
 002070   61276774302   058606            2   006   020526   00   000000   0   000000000000000   000   000000000000000   000   000000000000000      000000000000460026   000   000000002760156   0   0000000000   A   0   0000000000   A   000000   000000   000000000000000   000000000000000   0000A0000000
 002070   61276774302   045332            2   003   020526   00   000000   0   000000000000000   000   000000000000000   000   000000000000000      000000000001638848   000   000000004916543   0   0000000000   A   0   0000000000   A   000000   000000   000000000000000   000000000000000   0000A0000000
 002070   61276774302   053986            2   001   020526   00   000000   0   000000000000000   000   000000000000000   000   000000000000000      000000000000238054   000   000000000238054   0   0000000000   A   0   0000000000   A   000000   000000   000000000000000   000000000000000   0000A0000000
 002070   61276774302   058606            2   001   020526   00   000000   0   000000000000000   000   000000000000000   000   000000000000000      000000000000460026   000   000000000460026   0   0000000000   A   0   0000000000   A   000000   000000   000000000000000   000000000000000   0000A0000000
 002070   61276774302   049924            2   001   020526   00   000000   0   000000000000000   000   000000000000000   000   000000000000000      000000000001412419   000   000000001412419   0   0000000000   A   0   0000000000   A   000000   000000   000000000000000   000000000000000   0000A0000000
 002070   61276774302   053986            2   001   020526   00   000000   0   000000000000000   000   000000000000000   000   000000000000000      000000000000238054   000   000000000238054   0   0000000000   A   0   0000000000   A   000000   000000   000000000000000   000000000000000   0000A0000000
 002070   61276774302   029366            2   001   030526   00   000000   0   000000000000000   000   000000000000000   000   000000000000000      000000000000498756   000   000000000498756   0   0000000000   A   0   0000000000   A   000000   000000   000000000000000   000000000000000   0000A0000000
 002070   61276774302   930306            2   001   030526   00   000000   0   000000000000000   000   000000000000000   000   000000000000000      000000000000382801   000   000000000382801   0   0000000000   A   0   0000000000   A   000000   000000   000000000000000   000000000000000   0000A0000000
 002070   61276774302   930306            2   001   030526   00   000000   0   000000000000000   000   000000000000000   000   000000000000000      000000000000381150   000   000000000381150   0   0000000000   A   0   0000000000   A   000000   000000   000000000000000   000000000000000   0000A0000000
 002070   61276774302   049924            2   001   040526   00   000000   0   000000000000000   000   000000000000000   000   000000000000000      000000000001412419   000   000000001412419   0   0000000000   A   0   0000000000   A   000000   000000   000000000000000   000000000000000   0000A0000000
 002070   61276774302   053986            2   002   040526   00   000000   0   000000000000000   000   000000000000000   000   000000000000000      000000000000238054   000   000000000476107   0   0000000000   A   0   0000000000   A   000000   000000   000000000000000   000000000000000   0000A0000000
 002070   61276774302   029366            2   001   040526   00   000000   0   000000000000000   000   000000000000000   000   000000000000000      000000000000498756   000   000000000498756   0   0000000000   A   0   0000000000   A   000000   000000   000000000000000   000000000000000   0000A0000000
 002070   61276774302   049924            2   001   040526   00   000000   0   000000000000000   000   000000000000000   000   000000000000000      000000000001412419   000   000000001412419   0   0000000000   A   0   0000000000   A   000000   000000   000000000000000   000000000000000   0000A0000000
 002070   61276774302   055439            2   002   040526   00   000000   0   000000000000000   000   000000000000000   000   000000000000000      000000000003723914   000   000000007447829   0   0000000000   A   0   0000000000   A   000000   000000   000000000000000   000000000000000   0000A0000000
 002070   61276774302   029366            2   003   040526   00   000000   0   000000000000000   000   000000000000000   000   000000000000000      000000000000498756   000   000000001496267   0   0000000000   A   0   0000000000   A   000000   000000   000000000000000   000000000000000   0000A0000000
 002070   61276774302   058373            2   003   040526   00   000000   0   000000000000000   000   000000000000000   000   000000000000000      000000000000367140   000   000000001101419   0   0000000000   A   0   0000000000   A   000000   000000   000000000000000   000000000000000   0000A0000000
 002070   61276774302   058606            2   003   040526   00   000000   0   000000000000000   000   000000000000000   000   000000000000000      000000000000460026   000   000000001380078   0   0000000000   A   0   0000000000   A   000000   000000   000000000000000   000000000000000   0000A0000000
 002070   61276774302   029366            2   001   040526   00   000000   0   000000000000000   000   000000000000000   000   000000000000000      000000000000498756   000   000000000498756   0   0000000000   A   0   0000000000   A   000000   000000   000000000000000   000000000000000   0000A0000000
 002070   61276774302   049924            2   001   040526   00   000000   0   000000000000000   000   000000000000000   000   000000000000000      000000000001412419   000   000000001412419   0   0000000000   A   0   0000000000   A   000000   000000   000000000000000   000000000000000   0000A0000000
 002070   61276774302   032583            2   001   040526   00   000000   0   000000000000000   000   000000000000000   000   000000000000000      000000000000747275   000   000000000747275   0   0000000000   A   0   0000000000   A   000000   000000   000000000000000   000000000000000   0000A0000000
 002070   61276774302   930306            2   001   040526   00   000000   0   000000000000000   000   000000000000000   000   000000000000000      000000000000382801   000   000000000382801   0   0000000000   A   0   0000000000   A   000000   000000   000000000000000   000000000000000   0000A0000000
 002070   61276774302   930306            2   001   040526   00   000000   0   000000000000000   000   000000000000000   000   000000000000000      000000000000381150   000   000000000381150   0   0000000000   A   0   0000000000   A   000000   000000   000000000000000   000000000000000   0000A0000000
 002070   61276774302   045332            2   002   040526   00   000000   0   000000000000000   000   000000000000000   000   000000000000000      000000000001638848   000   000000003277696   0   0000000000   A   0   0000000000   A   000000   000000   000000000000000   000000000000000   0000A0000000
 002070   61276774302   930306            2   001   040526   00   000000   0   000000000000000   000   000000000000000   000   000000000000000      000000000000382801   000   000000000382801   0   0000000000   A   0   0000000000   A   000000   000000   000000000000000   000000000000000   0000A0000000
 002070   61276774302   055439            2   003   050526   00   000000   0   000000000000000   000   000000000000000   000   000000000000000      000000000003723915   000   000000011171744   0   0000000000   A   0   0000000000   A   000000   000000   000000000000000   000000000000000   0000A0000000
 002070   61276774302   029366            2   003   050526   00   000000   0   000000000000000   000   000000000000000   000   000000000000000      000000000000498756   000   000000001496267   0   0000000000   A   0   0000000000   A   000000   000000   000000000000000   000000000000000   0000A0000000
 002070   61276774302   058373            2   003   050526   00   000000   0   000000000000000   000   000000000000000   000   000000000000000      000000000000367140   000   000000001101419   0   0000000000   A   0   0000000000   A   000000   000000   000000000000000   000000000000000   0000A0000000
 002070   61276774302   058606            2   003   050526   00   000000   0   000000000000000   000   000000000000000   000   000000000000000      000000000000460026   000   000000001380078   0   0000000000   A   0   0000000000   A   000000   000000   000000000000000   000000000000000   0000A0000000
 002070   61276774302   049924            2   001   050526   00   000000   0   000000000000000   000   000000000000000   000   000000000000000      000000000001412419   000   000000001412419   0   0000000000   A   0   0000000000   A   000000   000000   000000000000000   000000000000000   0000A0000000
 002070   61276774302   045332            2   002   050526   00   000000   0   000000000000000   000   000000000000000   000   000000000000000      000000000001638848   000   000000003277696   0   0000000000   A   0   0000000000   A   000000   000000   000000000000000   000000000000000   0000A0000000
 002070   61276774302   930306            2   001   060526   00   000000   0   000000000000000   000   000000000000000   000   000000000000000      000000000000381150   000   000000000381150   0   0000000000   A   0   0000000000   A   000000   000000   000000000000000   000000000000000   0000A0000000
 002070   61276774302   009772            2   001   060526   00   000000   0   000000000000000   000   000000000000000   000   000000000000000      000000000000077992   000   000000000077992   0   0000000000   A   0   0000000000   A   000000   000000   000000000000000   000000000000000   0000A0000000
 002070   61276774302   009617            2   002   060526   00   000000   0   000000000000000   000   000000000000000   000   000000000000000      000000000000115304   000   000000000230607   0   0000000000   A   0   0000000000   A   000000   000000   000000000000000   000000000000000   0000A0000000
 002070   61276774302   053986            2   001   060526   00   000000   0   000000000000000   000   000000000000000   000   000000000000000      000000000000238054   000   000000000238054   0   0000000000   A   0   0000000000   A   000000   000000   000000000000000   000000000000000   0000A0000000
 002070   61276774302   053986            2   001   060526   00   000000   0   000000000000000   000   000000000000000   000   000000000000000      000000000000238054   000   000000000238054   0   0000000000   A   0   0000000000   A   000000   000000   000000000000000   000000000000000   0000A0000000
 002070   61276774302   053986            2   002   070526   00   000000   0   000000000000000   000   000000000000000   000   000000000000000      000000000000238054   000   000000000476107   0   0000000000   A   0   0000000000   A   000000   000000   000000000000000   000000000000000   0000A0000000
 002070   15207734502   930306            2   001   180526   00   000000   0   000000000000000   000   000000000000000   000   000000000000000      000000000000382801   000   000000000382801   0   0000000000   A   0   0000000000   A   000000   000000   000000000000000   000000000000000   0000A0000000
 002070   15207734502   930306            2   001   180526   00   000000   0   000000000000000   000   000000000000000   000   000000000000000      000000000000168489   000   000000000168489   0   0000000000   A   0   0000000000   A   000000   000000   000000000000000   000000000000000   0000A0000000
 002070   15207734502   930306            2   001   180526   00   000000   0   000000000000000   000   000000000000000   000   000000000000000      000000000000381150   000   000000000381150   0   0000000000   A   0   0000000000   A   000000   000000   000000000000000   000000000000000   0000A0000000
 002070   15207734502   930306            2   001   180526   00   000000   0   000000000000000   000   000000000000000   000   000000000000000      000000000002472750   000   000000002472750   0   0000000000   A   0   0000000000   A   000000   000000   000000000000000   000000000000000   0000A0000000
 002070   15207734502   053175            2   001   180526   00   000000   0   000000000000000   000   000000000000000   000   000000000000000      000000000003723915   000   000000003723915   0   0000000000   A   0   0000000000   A   000000   000000   000000000000000   000000000000000   0000A0000000
 002070   15207734502   029366            2   001   180526   00   000000   0   000000000000000   000   000000000000000   000   000000000000000      000000000000498756   000   000000000498756   0   0000000000   A   0   0000000000   A   000000   000000   000000000000000   000000000000000   0000A0000000
 002070   15207734502   930306            2   001   180526   00   000000   0   000000000000000   000   000000000000000   000   000000000000000      000000000001184071   000   000000001184071   0   0000000000   A   0   0000000000   A   000000   000000   000000000000000   000000000000000   0000A0000000
 002070   15207734502   053175            2   001   180526   00   000000   0   000000000000000   000   000000000000000   000   000000000000000      000000000003723915   000   000000003723915   0   0000000000   A   0   0000000000   A   000000   000000   000000000000000   000000000000000   0000A0000000
 002070   15207734502   029366            2   001   180526   00   000000   0   000000000000000   000   000000000000000   000   000000000000000      000000000000498756   000   000000000498756   0   0000000000   A   0   0000000000   A   000000   000000   000000000000000   000000000000000   0000A0000000
 002070   15207734502   058606            2   001   180526   00   000000   0   000000000000000   000   000000000000000   000   000000000000000      000000000000460026   000   000000000460026   0   0000000000   A   0   0000000000   A   000000   000000   000000000000000   000000000000000   0000A0000000
 002070   15207734502   049924            2   001   190526   00   000000   0   000000000000000   000   000000000000000   000   000000000000000      000000000001412419   000   000000001412419   0   0000000000   A   0   0000000000   A   000000   000000   000000000000000   000000000000000   0000A0000000
 002070   61276774302   430760            2   003   290426   00   000000   0   000000000000000   000   000000000000000   000   000000000000000      000000000000589741   000   000000001769223   0   0000000000   A   0   0000000000   A   000000   000000   000000000000000   000000000000000   0000A0000000
 002070   61276774302   170101            2   001   290426   00   000000   0   000000000794314   000   000000000000000   000   000000000000000      000000000000000000   000   000000000794314   0   0000000000   A   0   0000000000   A   000000   000000   000000000000000   000000000000000   0000A0000000
 002070   61276774302   250181            2   003   300426   00   000000   0   000000000559129   000   000000000000000   000   000000000000000      000000000000000000   000   000000001677387   0   0000000000   A   0   0000000000   A   000000   000000   000000000000000   000000000000000   0000A0000000
 002070   61276774302   250181            2   002   050526   00   000000   0   000000000000000   000   000000000000000   000   000000000000000      000000000000559129   000   000000001118258   0   0000000000   A   0   0000000000   A   000000   000000   000000000000000   000000000000000   0000A0000000
 002070   15203507301   170101            2   001   260526   00   000000   0   000000000794314   000   000000000000000   000   000000000000000      000000000000000000   000   000000000794314   0   0000000000   A   0   0000000000   A   000000   000000   000000000000000   000000000000000   0000A0000000
