 002070   61629213802   34031X1           1   026   310320   00   000000   0   000000000000000   000   000000000000000   000   000000000000000      000000000001143847   000   000000001143847   0   0000000000   A   0   0000000000   A   000000   000000   000000000000000   000000000000000   0000A0000000
 002070   61629213802   058606            1   001   310326   00   000000   0   000000000000000   000   000000000000000   000   000000000000000      000000000000460026   000   000000000460026   0   0000000000   A   0   0000000000   A   000000   000000   000000000000000   000000000000000   0000A0000000
 002070   61629213802   053609            1   001   310326   00   000000   0   000000000000000   000   000000000000000   000   000000000000000      000000000002339334   000   000000002339334   0   0000000000   A   0   0000000000   A   000000   000000   000000000000000   000000000000000   0000A0000000
 002070   61629213801   058606            1   001   020426   00   000000   0   000000000000000   000   000000000000000   000   000000000000000      000000000000460026   000   000000000460026   0   0000000000   A   0   0000000000   A   000000   000000   000000000000000   000000000000000   0000A0000000
 002070   61629213801   034031            1   001   020426   00   000000   0   000000000000000   000   000000000000000   000   000000000000000      000000000001143847   000   000000001143847   0   0000000000   A   0   0000000000   A   000000   000000   000000000000000   000000000000000   0000A0000000
 002070   61629213801   053609            1   001   020426   00   000000   0   000000000000000   000   000000000000000   000   000000000000000      000000000000533176   000   000000000533176   0   0000000000   A   0   0000000000   A   000000   000000   000000000000000   000000000000000   0000A0000000
 002070   63141100201   058373            1   001   200426   00   000000   0   000000000000000   000   000000000000000   000   000000000000000      000000000000367140   000   000000000367140   0   0000000000   A   0   0000000000   A   000000   000000   000000000000000   000000000000000   0000A0000000
 002070   63141100201   029366            1   001   200426   00   000000   0   000000000000000   000   000000000000000   000   000000000000000      000000000000498756   000   000000000498756   0   0000000000   A   0   0000000000   A   000000   000000   000000000000000   000000000000000   0000A0000000
 002070   62029296101   032583            1   001   240426   00   000000   0   000000000000000   000   000000000000000   000   000000000000000      000000000000747275   000   000000000747275   0   0000000000   A   0   0000000000   A   000000   000000   000000000000000   000000000000000   0000A0000000
 002070   62029296101   034031            1   001   240426   00   000000   0   000000000000000   000   000000000000000   000   000000000000000      000000000001143847   000   000000001143847   0   0000000000   A   0   0000000000   A   000000   000000   000000000000000   000000000000000   0000A0000000
 002070   62029296101   053609            1   001   240426   00   000000   0   000000000000000   000   000000000000000   000   000000000000000      000000000000533176   000   000000000533176   0   0000000000   A   0   0000000000   A   000000   000000   000000000000000   000000000000000   0000A0000000
 002070   62517526201   053609            1   001   260426   00   000000   0   000000000000000   000   000000000000000   000   000000000000000      000000000000533176   000   000000000533176   0   0000000000   A   0   0000000000   A   000000   000000   000000000000000   000000000000000   0000A0000000
 002070   62517526201   040297            1   001   260426   00   000000   0   000000000000000   000   000000000000000   000   000000000000000      000000000000521785   000   000000000521785   0   0000000000   A   0   0000000000   A   000000   000000   000000000000000   000000000000000   0000A0000000
 002070   61629213802   420266            1   001   310326   00   000000   0   000000000000000   000   000000000000000   000   000000000000000      000000000001234702   000   000000001234702   0   0000000000   A   0   0000000000   A   000000   000000   000000000000000   000000000000000   0000A0000000
 002070   61629213802   420266            1   001   020426   00   000000   0   000000000000000   000   000000000000000   000   000000000000000      000000000001234702   000   000000001234702   0   0000000000   A   0   0000000000   A   000000   000000   000000000000000   000000000000000   0000A0000000
 002070   61629213801   420266            1   001   020426   00   000000   0   000000000000000   000   000000000000000   000   000000000000000      000000000001234702   000   000000001234702   0   0000000000   A   0   0000000000   A   000000   000000   000000000000000   000000000000000   0000A0000000
 002070   61629213801   420266            1   001   030426   00   000000   0   000000000000000   000   000000000000000   000   000000000000000      000000000001234702   000   000000001234702   0   0000000000   A   0   0000000000   A   000000   000000   000000000000000   000000000000000   0000A0000000
 002070   62070088103   420266            1   001   090426   00   000000   0   000000000000000   000   000000000000000   000   000000000000000      000000000001234702   000   000000001234702   0   0000000000   A   0   0000000000   A   000000   000000   000000000000000   000000000000000   0000A0000000
 002070   63141100201   420266            1   001   200426   00   000000   0   000000000000000   000   000000000000000   000   000000000000000      000000000001234702   000   000000001234702   0   0000000000   A   0   0000000000   A   000000   000000   000000000000000   000000000000000   0000A0000000
 002070   61472233001   180125            1   001   240426   00   000000   0   000000004461403   000   000000000000000   000   000000000000000      000000000000000000   000   000000004461403   0   0000005480   A   0   0000000000   A   000000   000000   000000000000000   000000000000000   0000A0000000
 002070   62029296101   420266            1   001   240426   00   000000   0   000000000000000   000   000000000000000   000   000000000000000      000000000001251357   000   000000001251357   0   0000000000   A   0   0000000000   A   000000   000000   000000000000000   000000000000000   0000A0000000
 002070   63036327601   420266            1   001   240426   00   000000   0   000000000000000   000   000000000000000   000   000000000000000      000000000001234702   000   000000001234702   0   0000000000   A   0   0000000000   A   000000   000000   000000000000000   000000000000000   0000A0000000
 002070   63036327601   420266            1   001   250426   00   000000   0   000000000000000   000   000000000000000   000   000000000000000      000000000001234702   000   000000001234702   0   0000000000   A   0   0000000000   A   000000   000000   000000000000000   000000000000000   0000A0000000
 002070   61952287804   420266            1   001   260426   00   000000   0   000000000000000   000   000000000000000   000   000000000000000      000000000001251357   000   000000001251357   0   0000000000   A   0   0000000000   A   000000   000000   000000000000000   000000000000000   0000A0000000
 002070   62517526201   420266            1   001   260426   00   000000   0   000000000000000   000   000000000000000   000   000000000000000      000000000001234702   000   000000001234702   0   0000000000   A   0   0000000000   A   000000   000000   000000000000000   000000000000000   0000A0000000
