 002070   61947495401   34031X1           1   026   050520   00   000000   0   000000000000000   000   000000000000000   000   000000000000000      000000000001143847   000   000000001143847   0   0000000000   A   0   0000000000   A   000000   000000   000000000000000   000000000000000   0000A0000000
 002070   61947495401   040297            1   001   050526   00   000000   0   000000000000000   000   000000000000000   000   000000000000000      000000000000521785   000   000000000521785   0   0000000000   A   0   0000000000   A   000000   000000   000000000000000   000000000000000   0000A0000000
 002070   62790179301   058606            1   001   100526   00   000000   0   000000000000000   000   000000000000000   000   000000000000000      000000000000460026   000   000000000460026   0   0000000000   A   0   0000000000   A   000000   000000   000000000000000   000000000000000   0000A0000000
 002070   62790179301   034031            1   001   100526   00   000000   0   000000000000000   000   000000000000000   000   000000000000000      000000000001143847   000   000000001143847   0   0000000000   A   0   0000000000   A   000000   000000   000000000000000   000000000000000   0000A0000000
 002070   62790179301   032583            1   001   100526   00   000000   0   000000000000000   000   000000000000000   000   000000000000000      000000000000747275   000   000000000747275   0   0000000000   A   0   0000000000   A   000000   000000   000000000000000   000000000000000   0000A0000000
 002070   63322901501   034031            1   001   290526   00   000000   0   000000000000000   000   000000000000000   000   000000000000000      000000000001182738   000   000000001182738   0   0000000000   A   0   0000000000   A   000000   000000   000000000000000   000000000000000   0000A0000000
 002070   63322901501   058606            1   001   290526   00   000000   0   000000000000000   000   000000000000000   000   000000000000000      000000000000460026   000   000000000460026   0   0000000000   A   0   0000000000   A   000000   000000   000000000000000   000000000000000   0000A0000000
 002070   02212567601   180125            1   001   040526   00   000000   0   000000000000000   000   000000000000000   000   000000000000000      000000000004461403   000   000000004461403   0   0000005480   A   0   0000000000   A   000000   000000   000000000000000   000000000000000   0000A0000000
 002070   63314951804   420266            1   001   050526   00   000000   0   000000000000000   000   000000000000000   000   000000000000000      000000000001234702   000   000000001234702   0   0000000000   A   0   0000000000   A   000000   000000   000000000000000   000000000000000   0000A0000000
 002070   61947495401   420266            1   001   050526   00   000000   0   000000000000000   000   000000000000000   000   000000000000000      000000000001234702   000   000000001234702   0   0000000000   A   0   0000000000   A   000000   000000   000000000000000   000000000000000   0000A0000000
 002070   15200280901   420266            1   001   060526   00   000000   0   000000000000000   000   000000000000000   000   000000000000000      000000000001234702   000   000000001234702   0   0000000000   A   0   0000000000   A   000000   000000   000000000000000   000000000000000   0000A0000000
 002070   15202599001   420266            1   001   070526   00   000000   0   000000000000000   000   000000000000000   000   000000000000000      000000000001234702   000   000000001234702   0   0000000000   A   0   0000000000   A   000000   000000   000000000000000   000000000000000   0000A0000000
 002070   62790179301   420266            1   001   100526   00   000000   0   000000000000000   000   000000000000000   000   000000000000000      000000000001234702   000   000000001234702   0   0000000000   A   0   0000000000   A   000000   000000   000000000000000   000000000000000   0000A0000000
 002070   15207734502   420266            1   001   180526   00   000000   0   000000000000000   000   000000000000000   000   000000000000000      000000000001297335   000   000000001297335   0   0000000000   A   0   0000000000   A   000000   000000   000000000000000   000000000000000   0000A0000000
 002070   15202882402   180125            1   001   220526   00   000000   0   000000000000000   000   000000000000000   000   000000000000000      000000000004461403   000   000000004461403   0   0000000000   A   0   0000000000   A   000000   000000   000000000000000   000000000000000   0000A0000000
 002070   15204363701   420266            1   001   220526   00   000000   0   000000000000000   000   000000000000000   000   000000000000000      000000000001297335   000   000000001297335   0   0000000000   A   0   0000000000   A   000000   000000   000000000000000   000000000000000   0000A0000000
 002070   15203507301   420266            1   001   260526   00   000000   0   000000000000000   000   000000000000000   000   000000000000000      000000000001297335   000   000000001297335   0   0000000000   A   0   0000000000   A   000000   000000   000000000000000   000000000000000   0000A0000000
 002070   15207811201   420266            1   001   280526   00   000000   0   000000000000000   000   000000000000000   000   000000000000000      000000000001297335   000   000000001297335   0   0000000000   A   0   0000000000   A   000000   000000   000000000000000   000000000000000   0000A0000000
 002070   63322901501   420266            1   001   290526   00   000000   0   000000000000000   000   000000000000000   000   000000000000000      000000000001297335   000   000000001297335   0   0000000000   A   0   0000000000   A   000000   000000   000000000000000   000000000000000   0000A0000000
