 026070   63141414101   430171            2   002   050420   00   000000   0   000000000000000   000   000000000000000   000   000000000000000      000000000022133464   000   000000044266928   0   0000000000   A   0   0000000000   A   000000   000000   000000000000000   000000000000000   0000A0000000
 002070   61050652701   430185            2   001   090426   00   000000   0   000000000000000   000   000000000000000   000   000000000000000      000000000007794966   000   000000007794966   0   0000000000   A   0   0000000000   A   000000   000000   000000000000000   000000000000000   0000A0000000
 002070   15204145601   430171            2   001   140426   00   000000   0   000000000000000   000   000000000000000   000   000000000000000      000000000022133464   000   000000022133464   0   0000000000   A   0   0000000000   A   000000   000000   000000000000000   000000000000000   0000A0000000
 002070   00000000000   430185            2   001   140426   00   000000   0   000000000000000   000   000000000000000   000   000000000000000      000000000007794966   000   000000007794966   0   0000000000   A   0   0000000000   A   000000   000000   000000000000000   000000000000000   0000A0000000
 002070   61735246001   430185            2   001   150426   00   000000   0   000000000000000   000   000000000000000   000   000000000000000      000000000007794966   000   000000007794966   0   0000000000   A   0   0000000000   A   000000   000000   000000000000000   000000000000000   0000A0000000
 002070   63084016301   430171            2   002   160426   00   000000   0   000000000000000   000   000000000000000   000   000000000000000      000000000022133464   000   000000044266928   0   0000000000   A   0   0000000000   A   000000   000000   000000000000000   000000000000000   0000A0000000
 002070   61794668901   430185            2   001   220426   00   000000   0   000000000000000   000   000000000000000   000   000000000000000      000000000007794966   000   000000007794966   0   0000000000   A   0   0000000000   A   000000   000000   000000000000000   000000000000000   0000A0000000
 002070   61014909002   430185            2   001   230426   00   000000   0   000000000000000   000   000000000000000   000   000000000000000      000000000007794966   000   000000007794966   0   0000000000   A   0   0000000000   A   000000   000000   000000000000000   000000000000000   0000A0000000
 002070   63056736001   430171            2   005   260426   00   000000   0   000000000000000   000   000000000000000   000   000000000000000      000000000022133464   000   000000110667320   0   0000000000   A   0   0000000000   A   000000   000000   000000000000000   000000000000000   0000A0000000
 002070   61544747201   430185            2   001   270426   00   000000   0   000000000000000   000   000000000000000   000   000000000000000      000000000007794966   000   000000007794966   0   0000000000   A   0   0000000000   A   000000   000000   000000000000000   000000000000000   0000A0000000
 002070   63262058602   430185            2   001   290426   00   000000   0   000000000000000   000   000000000000000   000   000000000000000      000000000007794966   000   000000007794966   0   0000000000   A   0   0000000000   A   000000   000000   000000000000000   000000000000000   0000A0000000
 002070   62728143401   430171            2   001   290426   00   000000   0   000000000000000   000   000000000000000   000   000000000000000      000000000022133464   000   000000022133464   0   0000000000   A   0   0000000000   A   000000   000000   000000000000000   000000000000000   0000A0000000
 002070   62055376501   430185            2   001   290426   00   000000   0   000000000000000   000   000000000000000   000   000000000000000      000000000007794966   000   000000007794966   0   0000000000   A   0   0000000000   A   000000   000000   000000000000000   000000000000000   0000A0000000
 002070   63135239102   070781            2   001   010426   00   000000   0   000000000000000   000   000000000000000   000   000000000000000      000000000022850200   000   000000022850200   0   0000000000   A   0   0000000000   A   000000   000000   000000000000000   000000000000000   0000A0000000
 002070   63135239102   431101            2   001   010426   00   000000   0   000000000000000   000   000000000000000   000   000000000000000      000000000001122481   000   000000001122481   0   0000000000   A   0   0000000000   A   000000   000000   000000000000000   000000000000000   0000A0000000
 002070   15204145601   100115            2   001   140426   00   000000   0   000000000000000   000   000000000000000   000   000000000000000      000000000021052733   000   000000006315820   0   0000000000   A   0   0000000000   A   000000   000000   000000000000000   000000000000000   0000A0000000
 002070   15204145601   100112            2   001   140426   00   000000   0   000000000000000   000   000000000000000   000   000000000000000      000000000043090533   000   000000043090533   0   0000000000   A   0   0000000000   A   000000   000000   000000000000000   000000000000000   0000A0000000
 002070   63084016301   080524            2   001   170426   00   000000   0   000000000000000   000   000000000000000   000   000000000000000      000000000031935927   000   000000031935927   0   0000000000   A   0   0000000000   A   000000   000000   000000000000000   000000000000000   0000A0000000
 002070   63084016301   431101            2   001   170426   00   000000   0   000000000000000   000   000000000000000   000   000000000000000      000000000001122481   000   000000001122481   0   0000000000   A   0   0000000000   A   000000   000000   000000000000000   000000000000000   0000A0000000
 002070   63056736001   100115            2   001   280426   00   000000   0   000000000000000   000   000000000000000   000   000000000000000      000000000021052734   000   000000021052734   0   0000000000   A   0   0000000000   A   000000   000000   000000000000000   000000000000000   0000A0000000
 002070   62728143401   080709            2   001   290426   00   000000   0   000000000000000   000   000000000000000   000   000000000000000      000000000048349923   000   000000048349923   0   0000000000   A   0   0000000000   A   000000   000000   000000000000000   000000000000000   0000A0000000
 002070   62728143401   431101            2   001   290426   00   000000   0   000000000000000   000   000000000000000   000   000000000000000      000000000001122481   000   000000001122481   0   0000000000   A   0   0000000000   A   000000   000000   000000000000000   000000000000000   0000A0000000
 002070   63135239102   930306            2   001   010426   00   000000   0   000000000000000   000   000000000000000   000   000000000000000      000000000002026125   000   000000002026125   0   0000000000   A   0   0000000000   A   000000   000000   000000000000000   000000000000000   0000A0000000
 002070   63135239102   020172            2   001   010426   00   000000   0   000000000000000   000   000000000000000   000   000000000000000      000000000003354894   000   000000003354894   0   0000000000   A   0   0000000000   A   000000   000000   000000000000000   000000000000000   0000A0000000
 002070   63135239102   011929            2   001   010426   00   000000   0   000000000000000   000   000000000000000   000   000000000000000      000000000002598740   000   000000002598740   0   0000000000   A   0   0000000000   A   000000   000000   000000000000000   000000000000000   0000A0000000
 002070   63135239102   018163            2   002   010426   00   000000   0   000000000000000   000   000000000000000   000   000000000000000      000000000001444050   000   000000002888100   0   0000000000   A   0   0000000000   A   000000   000000   000000000000000   000000000000000   0000A0000000
 002070   63135239102   055439            2   001   010426   00   000000   0   000000000000000   000   000000000000000   000   000000000000000      000000000003761153   000   000000003761153   0   0000000000   A   0   0000000000   A   000000   000000   000000000000000   000000000000000   0000A0000000
 002070   63135239102   014916            2   045   010426   00   000000   0   000000000000000   000   000000000000000   000   000000000000000      000000000000174440   000   000000007849791   0   0000000000   A   0   0000000000   A   000000   000000   000000000000000   000000000000000   0000A0000000
 002070   63135239102   022323            2   001   010426   00   000000   0   000000000000000   000   000000000000000   000   000000000000000      000000000002018213   000   000000002018213   0   0000000000   A   0   0000000000   A   000000   000000   000000000000000   000000000000000   0000A0000000
 002070   63135239102   019428            2   001   010426   00   000000   0   000000000000000   000   000000000000000   000   000000000000000      000000000000430570   000   000000000430570   0   0000000000   A   0   0000000000   A   000000   000000   000000000000000   000000000000000   0000A0000000
 002070   63135239102   060196            2   001   010426   00   000000   0   000000000000000   000   000000000000000   000   000000000000000      000000000001740058   000   000000001740058   0   0000000000   A   0   0000000000   A   000000   000000   000000000000000   000000000000000   0000A0000000
 002070   63135239102   058689            2   001   010426   00   000000   0   000000000000000   000   000000000000000   000   000000000000000      000000000003643706   000   000000003643706   0   0000000000   A   0   0000000000   A   000000   000000   000000000000000   000000000000000   0000A0000000
 002070   63135239102   049924            2   001   010426   00   000000   0   000000000000000   000   000000000000000   000   000000000000000      000000000001412419   000   000000001412419   0   0000000000   A   0   0000000000   A   000000   000000   000000000000000   000000000000000   0000A0000000
 002070   63135239102   018910            2   003   010426   00   000000   0   000000000000000   000   000000000000000   000   000000000000000      000000000001762749   000   000000005288247   0   0000000000   A   0   0000000000   A   000000   000000   000000000000000   000000000000000   0000A0000000
 002070   63135239102   930306            2   005   010426   00   000000   0   000000000000000   000   000000000000000   000   000000000000000      000000000000047855   000   000000000239274   0   0000000000   A   0   0000000000   A   000000   000000   000000000000000   000000000000000   0000A0000000
 002070   63135239102   930306            2   001   010426   00   000000   0   000000000000000   000   000000000000000   000   000000000000000      000000000003420873   000   000000003420873   0   0000000000   A   0   0000000000   A   000000   000000   000000000000000   000000000000000   0000A0000000
 002070   15204145601   022323            2   001   140426   00   000000   0   000000000000000   000   000000000000000   000   000000000000000      000000000002018213   000   000000002018213   0   0000000000   A   0   0000000000   A   000000   000000   000000000000000   000000000000000   0000A0000000
 002070   15204145601   055443            2   001   140426   00   000000   0   000000000000000   000   000000000000000   000   000000000000000      000000000004812854   000   000000004812854   0   0000000000   A   0   0000000000   A   000000   000000   000000000000000   000000000000000   0000A0000000
 002070   15204145601   056870            2   001   140426   00   000000   0   000000000000000   000   000000000000000   000   000000000000000      000000000003767335   000   000000003767335   0   0000000000   A   0   0000000000   A   000000   000000   000000000000000   000000000000000   0000A0000000
 002070   15204145601   055439            2   003   140426   00   000000   0   000000000000000   000   000000000000000   000   000000000000000      000000000003761153   000   000000011283459   0   0000000000   A   0   0000000000   A   000000   000000   000000000000000   000000000000000   0000A0000000
 002070   15204145601   018168            2   001   140426   00   000000   0   000000000000000   000   000000000000000   000   000000000000000      000000000000873000   000   000000000873000   0   0000000000   A   0   0000000000   A   000000   000000   000000000000000   000000000000000   0000A0000000
 002070   15204145601   055443            2   001   140426   00   000000   0   000000000000000   000   000000000000000   000   000000000000000      000000000004812854   000   000000004812854   0   0000000000   A   0   0000000000   A   000000   000000   000000000000000   000000000000000   0000A0000000
 002070   15204145601   057916            2   001   140426   00   000000   0   000000000000000   000   000000000000000   000   000000000000000      000000000003565260   000   000000003565260   0   0000000000   A   0   0000000000   A   000000   000000   000000000000000   000000000000000   0000A0000000
 002070   15204145601   060196            2   001   140426   00   000000   0   000000000000000   000   000000000000000   000   000000000000000      000000000001740058   000   000000001740058   0   0000000000   A   0   0000000000   A   000000   000000   000000000000000   000000000000000   0000A0000000
 002070   15204145601   031837            2   001   140426   00   000000   0   000000000000000   000   000000000000000   000   000000000000000      000000000001245714   000   000000001245714   0   0000000000   A   0   0000000000   A   000000   000000   000000000000000   000000000000000   0000A0000000
 002070   15204145601   034031            2   001   140426   00   000000   0   000000000000000   000   000000000000000   000   000000000000000      000000000001143847   000   000000001143847   0   0000000000   A   0   0000000000   A   000000   000000   000000000000000   000000000000000   0000A0000000
 002070   15204145601   058606            2   002   140426   00   000000   0   000000000000000   000   000000000000000   000   000000000000000      000000000000460026   000   000000000920052   0   0000000000   A   0   0000000000   A   000000   000000   000000000000000   000000000000000   0000A0000000
 002070   15204145601   058373            2   001   140426   00   000000   0   000000000000000   000   000000000000000   000   000000000000000      000000000000367140   000   000000000367140   0   0000000000   A   0   0000000000   A   000000   000000   000000000000000   000000000000000   0000A0000000
 002070   15204145601   049924            2   001   140426   00   000000   0   000000000000000   000   000000000000000   000   000000000000000      000000000001412419   000   000000001412419   0   0000000000   A   0   0000000000   A   000000   000000   000000000000000   000000000000000   0000A0000000
 002070   15204145601   930306            2   005   140426   00   000000   0   000000000000000   000   000000000000000   000   000000000000000      000000000000047855   000   000000000239274   0   0000000000   A   0   0000000000   A   000000   000000   000000000000000   000000000000000   0000A0000000
 002070   63084016301   056438            2   001   170426   00   000000   0   000000000000000   000   000000000000000   000   000000000000000      000000000001743854   000   000000001743854   0   0000000000   A   0   0000000000   A   000000   000000   000000000000000   000000000000000   0000A0000000
 002070   63084016301   020172            2   001   170426   00   000000   0   000000000000000   000   000000000000000   000   000000000000000      000000000003354894   000   000000003354894   0   0000000000   A   0   0000000000   A   000000   000000   000000000000000   000000000000000   0000A0000000
 002070   63084016301   015010            2   001   170426   00   000000   0   000000000000000   000   000000000000000   000   000000000000000      000000000001687050   000   000000001687050   0   0000000000   A   0   0000000000   A   000000   000000   000000000000000   000000000000000   0000A0000000
 002070   63084016301   930306            2   001   170426   00   000000   0   000000000000000   000   000000000000000   000   000000000000000      000000000010300500   000   000000010300500   0   0000000000   A   0   0000000000   A   000000   000000   000000000000000   000000000000000   0000A0000000
 002070   63084016301   014916            2   025   170426   00   000000   0   000000000000000   000   000000000000000   000   000000000000000      000000000000174440   000   000000004360995   0   0000000000   A   0   0000000000   A   000000   000000   000000000000000   000000000000000   0000A0000000
 002070   63084016301   055439            2   004   170426   00   000000   0   000000000000000   000   000000000000000   000   000000000000000      000000000003761153   000   000000015044612   0   0000000000   A   0   0000000000   A   000000   000000   000000000000000   000000000000000   0000A0000000
 002070   63084016301   019428            2   001   170426   00   000000   0   000000000000000   000   000000000000000   000   000000000000000      000000000000430570   000   000000000430570   0   0000000000   A   0   0000000000   A   000000   000000   000000000000000   000000000000000   0000A0000000
 002070   63084016301   032583            2   001   170426   00   000000   0   000000000000000   000   000000000000000   000   000000000000000      000000000000747275   000   000000000747275   0   0000000000   A   0   0000000000   A   000000   000000   000000000000000   000000000000000   0000A0000000
 002070   63084016301   060196            2   001   170426   00   000000   0   000000000000000   000   000000000000000   000   000000000000000      000000000001740058   000   000000001740058   0   0000000000   A   0   0000000000   A   000000   000000   000000000000000   000000000000000   0000A0000000
 002070   63084016301   058689            2   001   170426   00   000000   0   000000000000000   000   000000000000000   000   000000000000000      000000000003643706   000   000000003643706   0   0000000000   A   0   0000000000   A   000000   000000   000000000000000   000000000000000   0000A0000000
 002070   63084016301   045332            2   001   170426   00   000000   0   000000000000000   000   000000000000000   000   000000000000000      000000000001638848   000   000000001638848   0   0000000000   A   0   0000000000   A   000000   000000   000000000000000   000000000000000   0000A0000000
 002070   63084016301   034031            2   001   170426   00   000000   0   000000000000000   000   000000000000000   000   000000000000000      000000000001143847   000   000000001143847   0   0000000000   A   0   0000000000   A   000000   000000   000000000000000   000000000000000   0000A0000000
 002070   63084016301   058606            2   002   170426   00   000000   0   000000000000000   000   000000000000000   000   000000000000000      000000000000460026   000   000000000920052   0   0000000000   A   0   0000000000   A   000000   000000   000000000000000   000000000000000   0000A0000000
 002070   63084016301   058373            2   001   170426   00   000000   0   000000000000000   000   000000000000000   000   000000000000000      000000000000367140   000   000000000367140   0   0000000000   A   0   0000000000   A   000000   000000   000000000000000   000000000000000   0000A0000000
 002070   63084016301   018910            2   004   170426   00   000000   0   000000000000000   000   000000000000000   000   000000000000000      000000000001762749   000   000000007050996   0   0000000000   A   0   0000000000   A   000000   000000   000000000000000   000000000000000   0000A0000000
 002070   63084016301   930306            2   005   170426   00   000000   0   000000000000000   000   000000000000000   000   000000000000000      000000000000047855   000   000000000239274   0   0000000000   A   0   0000000000   A   000000   000000   000000000000000   000000000000000   0000A0000000
 002070   63084016301   930306            2   001   170426   00   000000   0   000000000000000   000   000000000000000   000   000000000000000      000000000003420873   000   000000003420873   0   0000000000   A   0   0000000000   A   000000   000000   000000000000000   000000000000000   0000A0000000
 002070   63056736001   022323            2   001   280426   00   000000   0   000000000000000   000   000000000000000   000   000000000000000      000000000002018213   000   000000002018213   0   0000000000   A   0   0000000000   A   000000   000000   000000000000000   000000000000000   0000A0000000
 002070   63056736001   018168            2   001   280426   00   000000   0   000000000000000   000   000000000000000   000   000000000000000      000000000000873000   000   000000000873000   0   0000000000   A   0   0000000000   A   000000   000000   000000000000000   000000000000000   0000A0000000
 002070   63056736001   056850            2   001   280426   00   000000   0   000000000000000   000   000000000000000   000   000000000000000      000000000002508998   000   000000002508998   0   0000000000   A   0   0000000000   A   000000   000000   000000000000000   000000000000000   0000A0000000
 002070   63056736001   056870            2   001   280426   00   000000   0   000000000000000   000   000000000000000   000   000000000000000      000000000003767335   000   000000003767335   0   0000000000   A   0   0000000000   A   000000   000000   000000000000000   000000000000000   0000A0000000
 002070   63056736001   055439            2   001   280426   00   000000   0   000000000000000   000   000000000000000   000   000000000000000      000000000003761153   000   000000003761153   0   0000000000   A   0   0000000000   A   000000   000000   000000000000000   000000000000000   0000A0000000
 002070   63056736001   004066            2   001   280426   00   000000   0   000000000000000   000   000000000000000   000   000000000000000      000000000009035672   000   000000009035672   0   0000000000   A   0   0000000000   A   000000   000000   000000000000000   000000000000000   0000A0000000
 002070   63056736001   057916            2   001   280426   00   000000   0   000000000000000   000   000000000000000   000   000000000000000      000000000003565260   000   000000003565260   0   0000000000   A   0   0000000000   A   000000   000000   000000000000000   000000000000000   0000A0000000
 002070   63056736001   060196            2   001   280426   00   000000   0   000000000000000   000   000000000000000   000   000000000000000      000000000001740058   000   000000001740058   0   0000000000   A   0   0000000000   A   000000   000000   000000000000000   000000000000000   0000A0000000
 002070   63056736001   031837            2   001   280426   00   000000   0   000000000000000   000   000000000000000   000   000000000000000      000000000001245714   000   000000001245714   0   0000000000   A   0   0000000000   A   000000   000000   000000000000000   000000000000000   0000A0000000
 002070   62728143401   930306            2   001   290426   00   000000   0   000000000000000   000   000000000000000   000   000000000000000      000000000005335980   000   000000005335980   0   0000000000   A   0   0000000000   A   000000   000000   000000000000000   000000000000000   0000A0000000
 002070   62728143401   930306            2   001   290426   00   000000   0   000000000000000   000   000000000000000   000   000000000000000      000000000010300500   000   000000010300500   0   0000000000   A   0   0000000000   A   000000   000000   000000000000000   000000000000000   0000A0000000
 002070   62728143401   020172            2   001   290426   00   000000   0   000000000000000   000   000000000000000   000   000000000000000      000000000003354894   000   000000003354894   0   0000000000   A   0   0000000000   A   000000   000000   000000000000000   000000000000000   0000A0000000
 002070   62728143401   015010            2   001   290426   00   000000   0   000000000000000   000   000000000000000   000   000000000000000      000000000001687050   000   000000001687050   0   0000000000   A   0   0000000000   A   000000   000000   000000000000000   000000000000000   0000A0000000
 002070   62728143401   052001            2   001   290426   00   000000   0   000000000000000   000   000000000000000   000   000000000000000      000000000003292363   000   000000003292363   0   0000000000   A   0   0000000000   A   000000   000000   000000000000000   000000000000000   0000A0000000
 002070   62728143401   014916            2   030   290426   00   000000   0   000000000000000   000   000000000000000   000   000000000000000      000000000000174440   000   000000005233194   0   0000000000   A   0   0000000000   A   000000   000000   000000000000000   000000000000000   0000A0000000
 002070   62728143401   055439            2   005   290426   00   000000   0   000000000000000   000   000000000000000   000   000000000000000      000000000003761153   000   000000018805766   0   0000000000   A   0   0000000000   A   000000   000000   000000000000000   000000000000000   0000A0000000
 002070   62728143401   060196            2   001   290426   00   000000   0   000000000000000   000   000000000000000   000   000000000000000      000000000001740058   000   000000001740058   0   0000000000   A   0   0000000000   A   000000   000000   000000000000000   000000000000000   0000A0000000
 002070   62728143401   058689            2   001   290426   00   000000   0   000000000000000   000   000000000000000   000   000000000000000      000000000003643706   000   000000003643706   0   0000000000   A   0   0000000000   A   000000   000000   000000000000000   000000000000000   0000A0000000
 002070   62728143401   045332            2   001   290426   00   000000   0   000000000000000   000   000000000000000   000   000000000000000      000000000001638848   000   000000001638848   0   0000000000   A   0   0000000000   A   000000   000000   000000000000000   000000000000000   0000A0000000
 002070   62728143401   034031            2   001   290426   00   000000   0   000000000000000   000   000000000000000   000   000000000000000      000000000001143847   000   000000001143847   0   0000000000   A   0   0000000000   A   000000   000000   000000000000000   000000000000000   0000A0000000
 002070   62728143401   033647            2   002   290426   00   000000   0   000000000000000   000   000000000000000   000   000000000000000      000000000000310518   000   000000000621036   0   0000000000   A   0   0000000000   A   000000   000000   000000000000000   000000000000000   0000A0000000
 002070   62728143401   058606            2   002   290426   00   000000   0   000000000000000   000   000000000000000   000   000000000000000      000000000000460026   000   000000000920052   0   0000000000   A   0   0000000000   A   000000   000000   000000000000000   000000000000000   0000A0000000
 002070   62728143401   058373            2   001   290426   00   000000   0   000000000000000   000   000000000000000   000   000000000000000      000000000000367140   000   000000000367140   0   0000000000   A   0   0000000000   A   000000   000000   000000000000000   000000000000000   0000A0000000
 002070   62728143401   045039            2   001   290426   00   000000   0   000000000000000   000   000000000000000   000   000000000000000      000000000000673382   000   000000000673382   0   0000000000   A   0   0000000000   A   000000   000000   000000000000000   000000000000000   0000A0000000
 002070   62728143401   930306            2   005   290426   00   000000   0   000000000000000   000   000000000000000   000   000000000000000      000000000000047855   000   000000000239274   0   0000000000   A   0   0000000000   A   000000   000000   000000000000000   000000000000000   0000A0000000
 002070   62728143401   930306            2   001   290426   00   000000   0   000000000000000   000   000000000000000   000   000000000000000      000000000003420873   000   000000003420873   0   0000000000   A   0   0000000000   A   000000   000000   000000000000000   000000000000000   0000A0000000
 002070   63141414101   029366            2   001   050426   00   000000   0   000000000000000   000   000000000000000   000   000000000000000      000000000000498756   000   000000000498756   0   0000000000   A   0   0000000000   A   000000   000000   000000000000000   000000000000000   0000A0000000
 002070   63141414101   930306            2   001   050426   00   000000   0   000000000000000   000   000000000000000   000   000000000000000      000000000000382801   000   000000000382801   0   0000000000   A   0   0000000000   A   000000   000000   000000000000000   000000000000000   0000A0000000
 002070   63141414101   930306            2   001   050426   00   000000   0   000000000000000   000   000000000000000   000   000000000000000      000000000000168489   000   000000000168489   0   0000000000   A   0   0000000000   A   000000   000000   000000000000000   000000000000000   0000A0000000
 002070   63141414101   930306            2   001   050426   00   000000   0   000000000000000   000   000000000000000   000   000000000000000      000000000000381150   000   000000000381150   0   0000000000   A   0   0000000000   A   000000   000000   000000000000000   000000000000000   0000A0000000
 002070   63141414101   055439            2   001   050426   00   000000   0   000000000000000   000   000000000000000   000   000000000000000      000000000003761153   000   000000003761153   0   0000000000   A   0   0000000000   A   000000   000000   000000000000000   000000000000000   0000A0000000
 002070   63141414101   930306            2   001   050426   00   000000   0   000000000000000   000   000000000000000   000   000000000000000      000000000002472750   000   000000002472750   0   0000000000   A   0   0000000000   A   000000   000000   000000000000000   000000000000000   0000A0000000
 002070   63141414101   022323            2   002   060426   00   000000   0   000000000000000   000   000000000000000   000   000000000000000      000000000002018213   000   000000004036426   0   0000000000   A   0   0000000000   A   000000   000000   000000000000000   000000000000000   0000A0000000
 002070   63141414101   029366            2   002   060426   00   000000   0   000000000000000   000   000000000000000   000   000000000000000      000000000000498756   000   000000000997511   0   0000000000   A   0   0000000000   A   000000   000000   000000000000000   000000000000000   0000A0000000
 002070   63141414101   055439            2   003   060426   00   000000   0   000000000000000   000   000000000000000   000   000000000000000      000000000003761153   000   000000011283459   0   0000000000   A   0   0000000000   A   000000   000000   000000000000000   000000000000000   0000A0000000
 002070   63141414101   022323            2   001   060426   00   000000   0   000000000000000   000   000000000000000   000   000000000000000      000000000002018213   000   000000002018213   0   0000000000   A   0   0000000000   A   000000   000000   000000000000000   000000000000000   0000A0000000
 002070   15204145601   055439            2   003   140426   00   000000   0   000000000000000   000   000000000000000   000   000000000000000      000000000003761153   000   000000011283459   0   0000000000   A   0   0000000000   A   000000   000000   000000000000000   000000000000000   0000A0000000
 002070   15204145601   040316            2   002   140426   00   000000   0   000000000000000   000   000000000000000   000   000000000000000      000000000014777359   000   000000029554718   0   0000000000   A   0   0000000000   A   000000   000000   000000000000000   000000000000000   0000A0000000
 002070   15204145601   930306            2   001   140426   00   000000   0   000000000000000   000   000000000000000   000   000000000000000      000000000002472750   000   000000002472750   0   0000000000   A   0   0000000000   A   000000   000000   000000000000000   000000000000000   0000A0000000
 002070   15204145601   930306            2   001   140426   00   000000   0   000000000000000   000   000000000000000   000   000000000000000      000000000000168489   000   000000000168489   0   0000000000   A   0   0000000000   A   000000   000000   000000000000000   000000000000000   0000A0000000
 002070   15204145601   029366            2   003   140426   00   000000   0   000000000000000   000   000000000000000   000   000000000000000      000000000000498756   000   000000001496267   0   0000000000   A   0   0000000000   A   000000   000000   000000000000000   000000000000000   0000A0000000
 002070   15204145601   058606            2   003   140426   00   000000   0   000000000000000   000   000000000000000   000   000000000000000      000000000000460026   000   000000001380078   0   0000000000   A   0   0000000000   A   000000   000000   000000000000000   000000000000000   0000A0000000
 002070   15204145601   029366            2   001   150426   00   000000   0   000000000000000   000   000000000000000   000   000000000000000      000000000000498756   000   000000000498756   0   0000000000   A   0   0000000000   A   000000   000000   000000000000000   000000000000000   0000A0000000
 002070   15204145601   058606            2   001   150426   00   000000   0   000000000000000   000   000000000000000   000   000000000000000      000000000000460026   000   000000000460026   0   0000000000   A   0   0000000000   A   000000   000000   000000000000000   000000000000000   0000A0000000
 002070   15204145601   055439            2   001   150426   00   000000   0   000000000000000   000   000000000000000   000   000000000000000      000000000003761153   000   000000003761153   0   0000000000   A   0   0000000000   A   000000   000000   000000000000000   000000000000000   0000A0000000
 002070   63084016301   029366            2   001   170426   00   000000   0   000000000000000   000   000000000000000   000   000000000000000      000000000000498756   000   000000000498756   0   0000000000   A   0   0000000000   A   000000   000000   000000000000000   000000000000000   0000A0000000
 002070   63084016301   930306            2   002   170426   00   000000   0   000000000000000   000   000000000000000   000   000000000000000      000000000000382800   000   000000000765601   0   0000000000   A   0   0000000000   A   000000   000000   000000000000000   000000000000000   0000A0000000
 002070   63084016301   058606            2   001   170426   00   000000   0   000000000000000   000   000000000000000   000   000000000000000      000000000000460026   000   000000000460026   0   0000000000   A   0   0000000000   A   000000   000000   000000000000000   000000000000000   0000A0000000
 002070   63084016301   058373            2   001   170426   00   000000   0   000000000000000   000   000000000000000   000   000000000000000      000000000000367140   000   000000000367140   0   0000000000   A   0   0000000000   A   000000   000000   000000000000000   000000000000000   0000A0000000
 002070   63084016301   930306            2   001   170426   00   000000   0   000000000000000   000   000000000000000   000   000000000000000      000000000000168489   000   000000000168489   0   0000000000   A   0   0000000000   A   000000   000000   000000000000000   000000000000000   0000A0000000
 002070   63084016301   930306            2   001   170426   00   000000   0   000000000000000   000   000000000000000   000   000000000000000      000000000000381150   000   000000000381150   0   0000000000   A   0   0000000000   A   000000   000000   000000000000000   000000000000000   0000A0000000
 002070   63084016301   055439            2   001   170426   00   000000   0   000000000000000   000   000000000000000   000   000000000000000      000000000003761153   000   000000003761153   0   0000000000   A   0   0000000000   A   000000   000000   000000000000000   000000000000000   0000A0000000
 002070   63084016301   930306            2   001   170426   00   000000   0   000000000000000   000   000000000000000   000   000000000000000      000000000002472750   000   000000002472750   0   0000000000   A   0   0000000000   A   000000   000000   000000000000000   000000000000000   0000A0000000
 002070   63084016301   055439            2   003   170426   00   000000   0   000000000000000   000   000000000000000   000   000000000000000      000000000003761153   000   000000011283459   0   0000000000   A   0   0000000000   A   000000   000000   000000000000000   000000000000000   0000A0000000
 002070   63084016301   029366            2   002   170426   00   000000   0   000000000000000   000   000000000000000   000   000000000000000      000000000000498756   000   000000000997511   0   0000000000   A   0   0000000000   A   000000   000000   000000000000000   000000000000000   0000A0000000
 002070   63084016301   058606            2   003   170426   00   000000   0   000000000000000   000   000000000000000   000   000000000000000      000000000000460026   000   000000001380078   0   0000000000   A   0   0000000000   A   000000   000000   000000000000000   000000000000000   0000A0000000
 002070   63084016301   058373            2   003   170426   00   000000   0   000000000000000   000   000000000000000   000   000000000000000      000000000000367140   000   000000001101419   0   0000000000   A   0   0000000000   A   000000   000000   000000000000000   000000000000000   0000A0000000
 002070   63084016301   056438            2   004   170426   00   000000   0   000000000000000   000   000000000000000   000   000000000000000      000000000001743854   000   000000006975418   0   0000000000   A   0   0000000000   A   000000   000000   000000000000000   000000000000000   0000A0000000
 002070   63084016301   040316            2   002   170426   00   000000   0   000000000000000   000   000000000000000   000   000000000000000      000000000014777359   000   000000029554718   0   0000000000   A   0   0000000000   A   000000   000000   000000000000000   000000000000000   0000A0000000
 002070   63084016301   930306            2   001   170426   00   000000   0   000000000000000   000   000000000000000   000   000000000000000      000000000000168489   000   000000000168489   0   0000000000   A   0   0000000000   A   000000   000000   000000000000000   000000000000000   0000A0000000
 002070   63084016301   930306            2   001   170426   00   000000   0   000000000000000   000   000000000000000   000   000000000000000      000000000002472750   000   000000002472750   0   0000000000   A   0   0000000000   A   000000   000000   000000000000000   000000000000000   0000A0000000
 002070   63056736001   930306            2   001   260426   00   000000   0   000000000000000   000   000000000000000   000   000000000000000      000000000000382801   000   000000000382801   0   0000000000   A   0   0000000000   A   000000   000000   000000000000000   000000000000000   0000A0000000
 002070   63056736001   930306            2   001   260426   00   000000   0   000000000000000   000   000000000000000   000   000000000000000      000000000000382801   000   000000000382801   0   0000000000   A   0   0000000000   A   000000   000000   000000000000000   000000000000000   0000A0000000
 002070   63056736001   930306            2   001   260426   00   000000   0   000000000000000   000   000000000000000   000   000000000000000      000000000000168489   000   000000000168489   0   0000000000   A   0   0000000000   A   000000   000000   000000000000000   000000000000000   0000A0000000
 002070   63056736001   930306            2   001   260426   00   000000   0   000000000000000   000   000000000000000   000   000000000000000      000000000000381150   000   000000000381150   0   0000000000   A   0   0000000000   A   000000   000000   000000000000000   000000000000000   0000A0000000
 002070   63056736001   930306            2   001   260426   00   000000   0   000000000000000   000   000000000000000   000   000000000000000      000000000004095457   000   000000004095457   0   0000000000   A   0   0000000000   A   000000   000000   000000000000000   000000000000000   0000A0000000
 002070   63056736001   055439            2   001   260426   00   000000   0   000000000000000   000   000000000000000   000   000000000000000      000000000003761153   000   000000003761153   0   0000000000   A   0   0000000000   A   000000   000000   000000000000000   000000000000000   0000A0000000
 002070   63056736001   930306            2   001   260426   00   000000   0   000000000000000   000   000000000000000   000   000000000000000      000000000002472750   000   000000002472750   0   0000000000   A   0   0000000000   A   000000   000000   000000000000000   000000000000000   0000A0000000
 002070   63056736001   055439            2   002   270426   00   000000   0   000000000000000   000   000000000000000   000   000000000000000      000000000003761153   000   000000007522306   0   0000000000   A   0   0000000000   A   000000   000000   000000000000000   000000000000000   0000A0000000
 002070   63056736001   058606            2   002   270426   00   000000   0   000000000000000   000   000000000000000   000   000000000000000      000000000000460026   000   000000000920052   0   0000000000   A   0   0000000000   A   000000   000000   000000000000000   000000000000000   0000A0000000
 002070   63056736001   029366            2   003   270426   00   000000   0   000000000000000   000   000000000000000   000   000000000000000      000000000000498756   000   000000001496267   0   0000000000   A   0   0000000000   A   000000   000000   000000000000000   000000000000000   0000A0000000
 002070   63056736001   055439            2   001   270426   00   000000   0   000000000000000   000   000000000000000   000   000000000000000      000000000003761153   000   000000003761153   0   0000000000   A   0   0000000000   A   000000   000000   000000000000000   000000000000000   0000A0000000
 002070   63056736001   029366            2   001   270426   00   000000   0   000000000000000   000   000000000000000   000   000000000000000      000000000000498756   000   000000000498756   0   0000000000   A   0   0000000000   A   000000   000000   000000000000000   000000000000000   0000A0000000
 002070   63056736001   058606            2   001   270426   00   000000   0   000000000000000   000   000000000000000   000   000000000000000      000000000000460026   000   000000000460026   0   0000000000   A   0   0000000000   A   000000   000000   000000000000000   000000000000000   0000A0000000
 002070   63056736001   058606            2   001   270426   00   000000   0   000000000000000   000   000000000000000   000   000000000000000      000000000000460026   000   000000000460026   0   0000000000   A   0   0000000000   A   000000   000000   000000000000000   000000000000000   0000A0000000
 002070   63056736001   029366            2   001   270426   00   000000   0   000000000000000   000   000000000000000   000   000000000000000      000000000000498756   000   000000000498756   0   0000000000   A   0   0000000000   A   000000   000000   000000000000000   000000000000000   0000A0000000
 002070   63056736001   055439            2   001   270426   00   000000   0   000000000000000   000   000000000000000   000   000000000000000      000000000003761153   000   000000003761153   0   0000000000   A   0   0000000000   A   000000   000000   000000000000000   000000000000000   0000A0000000
 002070   63056736001   029366            2   001   270426   00   000000   0   000000000000000   000   000000000000000   000   000000000000000      000000000000498756   000   000000000498756   0   0000000000   A   0   0000000000   A   000000   000000   000000000000000   000000000000000   0000A0000000
 002070   63056736001   055439            2   002   280426   00   000000   0   000000000000000   000   000000000000000   000   000000000000000      000000000003761153   000   000000007522306   0   0000000000   A   0   0000000000   A   000000   000000   000000000000000   000000000000000   0000A0000000
 002070   63056736001   029366            2   003   280426   00   000000   0   000000000000000   000   000000000000000   000   000000000000000      000000000000498756   000   000000001496267   0   0000000000   A   0   0000000000   A   000000   000000   000000000000000   000000000000000   0000A0000000
 002070   62728143401   029366            2   001   290426   00   000000   0   000000000000000   000   000000000000000   000   000000000000000      000000000000498756   000   000000000498756   0   0000000000   A   0   0000000000   A   000000   000000   000000000000000   000000000000000   0000A0000000
 002070   62728143401   930306            2   001   290426   00   000000   0   000000000000000   000   000000000000000   000   000000000000000      000000000000382801   000   000000000382801   0   0000000000   A   0   0000000000   A   000000   000000   000000000000000   000000000000000   0000A0000000
 002070   62728143401   930306            2   001   290426   00   000000   0   000000000000000   000   000000000000000   000   000000000000000      000000000000168489   000   000000000168489   0   0000000000   A   0   0000000000   A   000000   000000   000000000000000   000000000000000   0000A0000000
 002070   62728143401   930306            2   001   290426   00   000000   0   000000000000000   000   000000000000000   000   000000000000000      000000000000381150   000   000000000381150   0   0000000000   A   0   0000000000   A   000000   000000   000000000000000   000000000000000   0000A0000000
 002070   62728143401   055439            2   001   290426   00   000000   0   000000000000000   000   000000000000000   000   000000000000000      000000000003761153   000   000000003761153   0   0000000000   A   0   0000000000   A   000000   000000   000000000000000   000000000000000   0000A0000000
 002070   62728143401   930306            2   001   290426   00   000000   0   000000000000000   000   000000000000000   000   000000000000000      000000000002472750   000   000000002472750   0   0000000000   A   0   0000000000   A   000000   000000   000000000000000   000000000000000   0000A0000000
 002070   63056736001   055439            2   002   290426   00   000000   0   000000000000000   000   000000000000000   000   000000000000000      000000000003761153   000   000000007522306   0   0000000000   A   0   0000000000   A   000000   000000   000000000000000   000000000000000   0000A0000000
 002070   63056736001   058606            2   002   290426   00   000000   0   000000000000000   000   000000000000000   000   000000000000000      000000000000460026   000   000000000920052   0   0000000000   A   0   0000000000   A   000000   000000   000000000000000   000000000000000   0000A0000000
 002070   63056736001   029366            2   003   290426   00   000000   0   000000000000000   000   000000000000000   000   000000000000000      000000000000498756   000   000000001496267   0   0000000000   A   0   0000000000   A   000000   000000   000000000000000   000000000000000   0000A0000000
 002070   63056736001   022323            2   002   290426   00   000000   0   000000000000000   000   000000000000000   000   000000000000000      000000000002018213   000   000000004036426   0   0000000000   A   0   0000000000   A   000000   000000   000000000000000   000000000000000   0000A0000000
 002070   63056736001   058606            2   001   290426   00   000000   0   000000000000000   000   000000000000000   000   000000000000000      000000000000460026   000   000000000460026   0   0000000000   A   0   0000000000   A   000000   000000   000000000000000   000000000000000   0000A0000000
 002070   63056736001   055439            2   001   290426   00   000000   0   000000000000000   000   000000000000000   000   000000000000000      000000000003761153   000   000000003761153   0   0000000000   A   0   0000000000   A   000000   000000   000000000000000   000000000000000   0000A0000000
 002070   63056736001   049924            2   002   290426   00   000000   0   000000000000000   000   000000000000000   000   000000000000000      000000000001412418   000   000000002824837   0   0000000000   A   0   0000000000   A   000000   000000   000000000000000   000000000000000   0000A0000000
 002070   63056736001   930306            2   001   290426   00   000000   0   000000000000000   000   000000000000000   000   000000000000000      000000000001184071   000   000000001184071   0   0000000000   A   0   0000000000   A   000000   000000   000000000000000   000000000000000   0000A0000000
 002070   63056736001   930306            2   001   290426   00   000000   0   000000000000000   000   000000000000000   000   000000000000000      000000000000168489   000   000000000168489   0   0000000000   A   0   0000000000   A   000000   000000   000000000000000   000000000000000   0000A0000000
 002070   63056736001   930306            2   001   290426   00   000000   0   000000000000000   000   000000000000000   000   000000000000000      000000000002472750   000   000000002472750   0   0000000000   A   0   0000000000   A   000000   000000   000000000000000   000000000000000   0000A0000000
 002070   62728143401   058606            2   004   290426   00   000000   0   000000000000000   000   000000000000000   000   000000000000000      000000000000460026   000   000000001840104   0   0000000000   A   0   0000000000   A   000000   000000   000000000000000   000000000000000   0000A0000000
 002070   62728143401   055439            2   002   290426   00   000000   0   000000000000000   000   000000000000000   000   000000000000000      000000000003761153   000   000000007522306   0   0000000000   A   0   0000000000   A   000000   000000   000000000000000   000000000000000   0000A0000000
 002070   62728143401   055442            2   002   290426   00   000000   0   000000000000000   000   000000000000000   000   000000000000000      000000000004438349   000   000000008876698   0   0000000000   A   0   0000000000   A   000000   000000   000000000000000   000000000000000   0000A0000000
 002070   62728143401   056438            2   004   290426   00   000000   0   000000000000000   000   000000000000000   000   000000000000000      000000000001743854   000   000000006975418   0   0000000000   A   0   0000000000   A   000000   000000   000000000000000   000000000000000   0000A0000000
 002070   63056736001   055439            2   002   300426   00   000000   0   000000000000000   000   000000000000000   000   000000000000000      000000000003761153   000   000000007522306   0   0000000000   A   0   0000000000   A   000000   000000   000000000000000   000000000000000   0000A0000000
 002070   63056736001   029366            2   003   300426   00   000000   0   000000000000000   000   000000000000000   000   000000000000000      000000000000498756   000   000000001496267   0   0000000000   A   0   0000000000   A   000000   000000   000000000000000   000000000000000   0000A0000000
 002070   63056736001   022323            2   002   300426   00   000000   0   000000000000000   000   000000000000000   000   000000000000000      000000000002018213   000   000000004036426   0   0000000000   A   0   0000000000   A   000000   000000   000000000000000   000000000000000   0000A0000000
 002070   63056736001   058606            2   003   300426   00   000000   0   000000000000000   000   000000000000000   000   000000000000000      000000000000460026   000   000000001380078   0   0000000000   A   0   0000000000   A   000000   000000   000000000000000   000000000000000   0000A0000000
 002070   63056736001   055439            2   001   300426   00   000000   0   000000000000000   000   000000000000000   000   000000000000000      000000000003761153   000   000000003761153   0   0000000000   A   0   0000000000   A   000000   000000   000000000000000   000000000000000   0000A0000000
 002070   63056736001   049924            2   002   300426   00   000000   0   000000000000000   000   000000000000000   000   000000000000000      000000000001412418   000   000000002824837   0   0000000000   A   0   0000000000   A   000000   000000   000000000000000   000000000000000   0000A0000000
 002070   63056736001   022323            2   001   300426   00   000000   0   000000000000000   000   000000000000000   000   000000000000000      000000000002018213   000   000000002018213   0   0000000000   A   0   0000000000   A   000000   000000   000000000000000   000000000000000   0000A0000000
 002070   63056736001   055439            2   001   300426   00   000000   0   000000000000000   000   000000000000000   000   000000000000000      000000000003761153   000   000000003761153   0   0000000000   A   0   0000000000   A   000000   000000   000000000000000   000000000000000   0000A0000000
 002070   62728143401   056438            2   003   300426   00   000000   0   000000000000000   000   000000000000000   000   000000000000000      000000000001743854   000   000000005231563   0   0000000000   A   0   0000000000   A   000000   000000   000000000000000   000000000000000   0000A0000000
 002070   62728143401   058606            2   002   300426   00   000000   0   000000000000000   000   000000000000000   000   000000000000000      000000000000460026   000   000000000920052   0   0000000000   A   0   0000000000   A   000000   000000   000000000000000   000000000000000   0000A0000000
 002070   62728143401   055439            2   001   300426   00   000000   0   000000000000000   000   000000000000000   000   000000000000000      000000000003761153   000   000000003761153   0   0000000000   A   0   0000000000   A   000000   000000   000000000000000   000000000000000   0000A0000000
 002070   62728143401   055442            2   002   300426   00   000000   0   000000000000000   000   000000000000000   000   000000000000000      000000000004438349   000   000000008876698   0   0000000000   A   0   0000000000   A   000000   000000   000000000000000   000000000000000   0000A0000000
 002070   63141414101   420301            2   002   050426   00   000000   0   000000001267979   000   000000000000000   000   000000000000000      000000000000000000   000   000000002535958   0   0000000000   A   0   0000000000   A   000000   000000   000000000000000   000000000000000   0000A0000000
 002070   63141414101   170101            2   001   050426   00   000000   0   000000000794314   000   000000000000000   000   000000000000000      000000000000000000   000   000000000794314   0   0000000000   A   0   0000000000   A   000000   000000   000000000000000   000000000000000   0000A0000000
 002070   63141414101   420303            2   001   050426   00   000000   0   000000001267979   000   000000000000000   000   000000000000000      000000000000000000   000   000000001267979   0   0000000000   A   0   0000000000   A   000000   000000   000000000000000   000000000000000   0000A0000000
 002070   15204145601   340907            2   001   140426   00   000000   0   000000000000000   000   000000000000000   000   000000000000000      000000000003132554   000   000000003132554   0   0000000000   A   0   0000000000   A   000000   000000   000000000000000   000000000000000   0000A0000000
 002070   63084016301   420303            2   001   160426   00   000000   0   000000001267979   000   000000000000000   000   000000000000000      000000000000000000   000   000000001267979   0   0000000000   A   0   0000000000   A   000000   000000   000000000000000   000000000000000   0000A0000000
 002070   63084016301   170101            2   001   160426   00   000000   0   000000000794314   000   000000000000000   000   000000000000000      000000000000000000   000   000000000794314   0   0000000000   A   0   0000000000   A   000000   000000   000000000000000   000000000000000   0000A0000000
 002070   63056736001   170101            2   001   260426   00   000000   0   000000000794314   000   000000000000000   000   000000000000000      000000000000000000   000   000000000794314   0   0000000000   A   0   0000000000   A   000000   000000   000000000000000   000000000000000   0000A0000000
 002070   63056736001   420303            2   001   260426   00   000000   0   000000001267979   000   000000000000000   000   000000000000000      000000000000000000   000   000000001267979   0   0000000000   A   0   0000000000   A   000000   000000   000000000000000   000000000000000   0000A0000000
 002070   63056736001   420301            2   005   260426   00   000000   0   000000001267979   000   000000000000000   000   000000000000000      000000000000000000   000   000000006339895   0   0000000000   A   0   0000000000   A   000000   000000   000000000000000   000000000000000   0000A0000000
 002070   63056736001   340907            2   001   280426   00   000000   0   000000000000000   000   000000000000000   000   000000000000000      000000000003132554   000   000000003132554   0   0000000000   A   0   0000000000   A   000000   000000   000000000000000   000000000000000   0000A0000000
