 002070   63082850302   130101            3   026   110420   00   000000   0   000000000000000   000   000000000000000   000   000000000000000      000000000025156233   000   000000025156233   0   0000000000   A   0   0000000000   A   000000   000000   000000000000000   000000000000000   0000A0000000
 002070   63082850302   431101            1   001   110426   00   000000   0   000000000000000   000   000000000000000   000   000000000000000      000000000001122481   000   000000001122481   0   0000000000   A   0   0000000000   A   000000   000000   000000000000000   000000000000000   0000A0000000
 002070   63082850302   930306            1   001   110426   00   000000   0   000000000000000   000   000000000000000   000   000000000000000      000000000005335980   000   000000005335980   0   0000000000   A   0   0000000000   A   000000   000000   000000000000000   000000000000000   0000A0000000
 002070   63082850302   015010            1   001   110426   00   000000   0   000000000000000   000   000000000000000   000   000000000000000      000000000001687050   000   000000001687050   0   0000000000   A   0   0000000000   A   000000   000000   000000000000000   000000000000000   0000A0000000
 002070   63082850302   022323            1   001   110426   00   000000   0   000000000000000   000   000000000000000   000   000000000000000      000000000002018213   000   000000002018213   0   0000000000   A   0   0000000000   A   000000   000000   000000000000000   000000000000000   0000A0000000
 002070   63082850302   018163            1   001   110426   00   000000   0   000000000000000   000   000000000000000   000   000000000000000      000000000001444050   000   000000001444050   0   0000000000   A   0   0000000000   A   000000   000000   000000000000000   000000000000000   0000A0000000
 002070   63082850302   055439            1   003   110426   00   000000   0   000000000000000   000   000000000000000   000   000000000000000      000000000003761153   000   000000011283459   0   0000000000   A   0   0000000000   A   000000   000000   000000000000000   000000000000000   0000A0000000
 002070   63082850302   930306            1   001   110426   00   000000   0   000000000000000   000   000000000000000   000   000000000000000      000000000003420873   000   000000003420873   0   0000000000   A   0   0000000000   A   000000   000000   000000000000000   000000000000000   0000A0000000
 002070   63082850302   058689            1   001   110426   00   000000   0   000000000000000   000   000000000000000   000   000000000000000      000000000003643706   000   000000003643706   0   0000000000   A   0   0000000000   A   000000   000000   000000000000000   000000000000000   0000A0000000
 002070   63082850302   034031            1   001   110426   00   000000   0   000000000000000   000   000000000000000   000   000000000000000      000000000001143847   000   000000001143847   0   0000000000   A   0   0000000000   A   000000   000000   000000000000000   000000000000000   0000A0000000
 002070   63082850302   058606            1   002   110426   00   000000   0   000000000000000   000   000000000000000   000   000000000000000      000000000000460026   000   000000000920052   0   0000000000   A   0   0000000000   A   000000   000000   000000000000000   000000000000000   0000A0000000
 002070   63082850302   058373            1   001   110426   00   000000   0   000000000000000   000   000000000000000   000   000000000000000      000000000000367140   000   000000000367140   0   0000000000   A   0   0000000000   A   000000   000000   000000000000000   000000000000000   0000A0000000
