 002070   63332265101   100607            3   026   020620   00   000000   0   000000000000000   000   000000000000000   000   000000000000000      000000000022308097   000   000000022308097   0   0000000000   A   0   0000000000   A   000000   000000   000000000000000   000000000000000   0000A0000000
 002070   63332265101   431101            1   001   020626   00   000000   0   000000000000000   000   000000000000000   000   000000000000000      000000000001179421   000   000000001179421   0   0000000000   A   0   0000000000   A   000000   000000   000000000000000   000000000000000   0000A0000000
 002070   63140657201   030408            3   001   040626   00   000000   0   000000000000000   000   000000000000000   000   000000000000000      000000000033930803   000   000000033930803   0   0000000000   A   0   0000000000   A   000000   000000   000000000000000   000000000000000   0000A0000000
 002070   63140657201   431101            1   001   040626   00   000000   0   000000000000000   000   000000000000000   000   000000000000000      000000000001179421   000   000000001179421   0   0000000000   A   0   0000000000   A   000000   000000   000000000000000   000000000000000   0000A0000000
 002070   62100705501   120403            3   001   090626   00   000000   0   000000000000000   000   000000000000000   000   000000000000000      000000000033743340   000   000000033743340   0   0000000000   A   0   0000000000   A   000000   000000   000000000000000   000000000000000   0000A0000000
 002070   62100705501   120403            3   001   090626   00   000000   0   000000000000000   000   000000000000000   000   000000000000000      000000000033743340   000   000000016871670   0   0000000000   A   0   0000000000   A   000000   000000   000000000000000   000000000000000   0000A0000000
 002070   62100705501   340907            1   001   090626   00   000000   0   000000000000000   000   000000000000000   000   000000000000000      000000000003291460   000   000000003291460   0   0000000000   A   0   0000000000   A   000000   000000   000000000000000   000000000000000   0000A0000000
 002070   63223987402   130113            3   001   170626   00   000000   0   000000000000000   000   000000000000000   000   000000000000000      000000000022120634   000   000000022120634   0   0000000000   A   0   0000000000   A   000000   000000   000000000000000   000000000000000   0000A0000000
 002070   63223987402   431101            1   001   170626   00   000000   0   000000000000000   000   000000000000000   000   000000000000000      000000000001179421   000   000000001179421   0   0000000000   A   0   0000000000   A   000000   000000   000000000000000   000000000000000   0000A0000000
 002070   63332265101   930306            1   001   020626   00   000000   0   000000000000000   000   000000000000000   000   000000000000000      000000000003420873   000   000000003420873   0   0000000000   A   0   0000000000   A   000000   000000   000000000000000   000000000000000   0000A0000000
 002070   63332265101   018163            1   001   020626   00   000000   0   000000000000000   000   000000000000000   000   000000000000000      000000000001521000   000   000000001521000   0   0000000000   A   0   0000000000   A   000000   000000   000000000000000   000000000000000   0000A0000000
 002070   63332265101   015010            1   001   020626   00   000000   0   000000000000000   000   000000000000000   000   000000000000000      000000000001780200   000   000000001780200   0   0000000000   A   0   0000000000   A   000000   000000   000000000000000   000000000000000   0000A0000000
 002070   63332265101   053175            1   001   020626   00   000000   0   000000000000000   000   000000000000000   000   000000000000000      000000000003723915   000   000000003723915   0   0000000000   A   0   0000000000   A   000000   000000   000000000000000   000000000000000   0000A0000000
 002070   63332265101   060196            1   001   020626   00   000000   0   000000000000000   000   000000000000000   000   000000000000000      000000000001740058   000   000000001740058   0   0000000000   A   0   0000000000   A   000000   000000   000000000000000   000000000000000   0000A0000000
 002070   63332265101   031837            1   001   020626   00   000000   0   000000000000000   000   000000000000000   000   000000000000000      000000000001345371   000   000000001345371   0   0000000000   A   0   0000000000   A   000000   000000   000000000000000   000000000000000   0000A0000000
 002070   63332265101   058689            1   001   020626   00   000000   0   000000000000000   000   000000000000000   000   000000000000000      000000000003789454   000   000000003789454   0   0000000000   A   0   0000000000   A   000000   000000   000000000000000   000000000000000   0000A0000000
 002070   63332265101   045332            1   001   020626   00   000000   0   000000000000000   000   000000000000000   000   000000000000000      000000000001737178   000   000000001737178   0   0000000000   A   0   0000000000   A   000000   000000   000000000000000   000000000000000   0000A0000000
 002070   63332265101   034031            1   001   020626   00   000000   0   000000000000000   000   000000000000000   000   000000000000000      000000000001206392   000   000000001206392   0   0000000000   A   0   0000000000   A   000000   000000   000000000000000   000000000000000   0000A0000000
 002070   63332265101   058606            1   001   020626   00   000000   0   000000000000000   000   000000000000000   000   000000000000000      000000000000487627   000   000000000487627   0   0000000000   A   0   0000000000   A   000000   000000   000000000000000   000000000000000   0000A0000000
 002070   63332265101   049924            1   001   020626   00   000000   0   000000000000000   000   000000000000000   000   000000000000000      000000000001412419   000   000000001412419   0   0000000000   A   0   0000000000   A   000000   000000   000000000000000   000000000000000   0000A0000000
 002070   63332265101   930306            1   001   020626   00   000000   0   000000000000000   000   000000000000000   000   000000000000000      000000000000168489   000   000000000168489   0   0000000000   A   0   0000000000   A   000000   000000   000000000000000   000000000000000   0000A0000000
 002070   63332265101   930306            1   001   020626   00   000000   0   000000000000000   000   000000000000000   000   000000000000000      000000000003420873   000   000000003420873   0   0000000000   A   0   0000000000   A   000000   000000   000000000000000   000000000000000   0000A0000000
 002070   63140657201   930306            1   001   040626   00   000000   0   000000000000000   000   000000000000000   000   000000000000000      000000000000747748   000   000000000747748   0   0000000000   A   0   0000000000   A   000000   000000   000000000000000   000000000000000   0000A0000000
 002070   63140657201   015670            1   001   040626   00   000000   0   000000000000000   000   000000000000000   000   000000000000000      000000000002514970   000   000000002514970   0   0000000000   A   0   0000000000   A   000000   000000   000000000000000   000000000000000   0000A0000000
 002070   63140657201   018164            1   001   040626   00   000000   0   000000000000000   000   000000000000000   000   000000000000000      000000000001799730   000   000000001799730   0   0000000000   A   0   0000000000   A   000000   000000   000000000000000   000000000000000   0000A0000000
 002070   63140657201   058689            1   001   040626   00   000000   0   000000000000000   000   000000000000000   000   000000000000000      000000000003789454   000   000000003789454   0   0000000000   A   0   0000000000   A   000000   000000   000000000000000   000000000000000   0000A0000000
 002070   63140657201   014916            1   030   040626   00   000000   0   000000000000000   000   000000000000000   000   000000000000000      000000000000183860   000   000000005515803   0   0000000000   A   0   0000000000   A   000000   000000   000000000000000   000000000000000   0000A0000000
 002070   63140657201   053175            1   002   040626   00   000000   0   000000000000000   000   000000000000000   000   000000000000000      000000000003723914   000   000000007447829   0   0000000000   A   0   0000000000   A   000000   000000   000000000000000   000000000000000   0000A0000000
 002070   63140657201   019428            1   001   040626   00   000000   0   000000000000000   000   000000000000000   000   000000000000000      000000000000454114   000   000000000454114   0   0000000000   A   0   0000000000   A   000000   000000   000000000000000   000000000000000   0000A0000000
 002070   63140657201   060196            1   001   040626   00   000000   0   000000000000000   000   000000000000000   000   000000000000000      000000000001740058   000   000000001740058   0   0000000000   A   0   0000000000   A   000000   000000   000000000000000   000000000000000   0000A0000000
 002070   63140657201   058689            1   001   040626   00   000000   0   000000000000000   000   000000000000000   000   000000000000000      000000000003789454   000   000000003789454   0   0000000000   A   0   0000000000   A   000000   000000   000000000000000   000000000000000   0000A0000000
 002070   63140657201   034031            1   001   040626   00   000000   0   000000000000000   000   000000000000000   000   000000000000000      000000000001206392   000   000000001206392   0   0000000000   A   0   0000000000   A   000000   000000   000000000000000   000000000000000   0000A0000000
 002070   63140657201   058606            1   002   040626   00   000000   0   000000000000000   000   000000000000000   000   000000000000000      000000000000487627   000   000000000975254   0   0000000000   A   0   0000000000   A   000000   000000   000000000000000   000000000000000   0000A0000000
 002070   62100705501   015010            1   001   090626   00   000000   0   000000000000000   000   000000000000000   000   000000000000000      000000000001780200   000   000000001780200   0   0000000000   A   0   0000000000   A   000000   000000   000000000000000   000000000000000   0000A0000000
 002070   62100705501   036549            1   001   090626   00   000000   0   000000000000000   000   000000000000000   000   000000000000000      000000000001643380   000   000000001643380   0   0000000000   A   0   0000000000   A   000000   000000   000000000000000   000000000000000   0000A0000000
 002070   62100705501   018164            1   001   090626   00   000000   0   000000000000000   000   000000000000000   000   000000000000000      000000000001799730   000   000000001799730   0   0000000000   A   0   0000000000   A   000000   000000   000000000000000   000000000000000   0000A0000000
 002070   62100705501   049941            1   001   090626   00   000000   0   000000000000000   000   000000000000000   000   000000000000000      000000000002036306   000   000000002036306   0   0000000000   A   0   0000000000   A   000000   000000   000000000000000   000000000000000   0000A0000000
 002070   62100705501   053175            1   004   090626   00   000000   0   000000000000000   000   000000000000000   000   000000000000000      000000000003723915   000   000000014895659   0   0000000000   A   0   0000000000   A   000000   000000   000000000000000   000000000000000   0000A0000000
 002070   62100705501   031837            1   001   090626   00   000000   0   000000000000000   000   000000000000000   000   000000000000000      000000000001345371   000   000000001345371   0   0000000000   A   0   0000000000   A   000000   000000   000000000000000   000000000000000   0000A0000000
 002070   62100705501   045332            1   001   090626   00   000000   0   000000000000000   000   000000000000000   000   000000000000000      000000000001737178   000   000000001737178   0   0000000000   A   0   0000000000   A   000000   000000   000000000000000   000000000000000   0000A0000000
 002070   62100705501   034031            1   001   090626   00   000000   0   000000000000000   000   000000000000000   000   000000000000000      000000000001206392   000   000000001206392   0   0000000000   A   0   0000000000   A   000000   000000   000000000000000   000000000000000   0000A0000000
 002070   62100705501   058373            1   001   090626   00   000000   0   000000000000000   000   000000000000000   000   000000000000000      000000000000389168   000   000000000389168   0   0000000000   A   0   0000000000   A   000000   000000   000000000000000   000000000000000   0000A0000000
 002070   62100705501   930306            1   001   090626   00   000000   0   000000000000000   000   000000000000000   000   000000000000000      000000000010799428   000   000000010799428   0   0000000000   A   0   0000000000   A   000000   000000   000000000000000   000000000000000   0000A0000000
 002070   62100705501   930306            1   005   090626   00   000000   0   000000000000000   000   000000000000000   000   000000000000000      000000000000047855   000   000000000239274   0   0000000000   A   0   0000000000   A   000000   000000   000000000000000   000000000000000   0000A0000000
 002070   62100705501   930306            1   001   090626   00   000000   0   000000000000000   000   000000000000000   000   000000000000000      000000000003420873   000   000000003420873   0   0000000000   A   0   0000000000   A   000000   000000   000000000000000   000000000000000   0000A0000000
 002070   63223987402   053175            1   001   170626   00   000000   0   000000000000000   000   000000000000000   000   000000000000000      000000000003723915   000   000000003723915   0   0000000000   A   0   0000000000   A   000000   000000   000000000000000   000000000000000   0000A0000000
 002070   63223987402   018163            1   001   170626   00   000000   0   000000000000000   000   000000000000000   000   000000000000000      000000000001521000   000   000000001521000   0   0000000000   A   0   0000000000   A   000000   000000   000000000000000   000000000000000   0000A0000000
 002070   63223987402   930306            1   001   170626   00   000000   0   000000000000000   000   000000000000000   000   000000000000000      000000000003420873   000   000000003420873   0   0000000000   A   0   0000000000   A   000000   000000   000000000000000   000000000000000   0000A0000000
 002070   63223987402   058689            1   001   170626   00   000000   0   000000000000000   000   000000000000000   000   000000000000000      000000000003789454   000   000000003789454   0   0000000000   A   0   0000000000   A   000000   000000   000000000000000   000000000000000   0000A0000000
 002070   63223987402   058606            1   001   170626   00   000000   0   000000000000000   000   000000000000000   000   000000000000000      000000000000487627   000   000000000487627   0   0000000000   A   0   0000000000   A   000000   000000   000000000000000   000000000000000   0000A0000000
 002070   63223987402   930306            1   005   170626   00   000000   0   000000000000000   000   000000000000000   000   000000000000000      000000000000047855   000   000000000239274   0   0000000000   A   0   0000000000   A   000000   000000   000000000000000   000000000000000   0000A0000000
