 002070   63304360402   430171            2   026   080720   00   000000   0   000000000000000   000   000000000000000   000   000000000000000      000000000024476285   000   000000024476285   0   0000000000   A   0   0000000000   A   000000   000000   000000000000000   000000000000000   0000A0000000
 002070   00000000000   430185            2   001   140726   00   000000   0   000000000000000   000   000000000000000   000   000000000000000      000000000008620060   000   000000008620060   0   0000000000   A   0   0000000000   A   000000   000000   000000000000000   000000000000000   0000A0000000
 002070   62777864903   430171            2   001   150726   00   000000   0   000000000000000   000   000000000000000   000   000000000000000      000000000024476285   000   000000024476285   0   0000000000   A   0   0000000000   A   000000   000000   000000000000000   000000000000000   0000A0000000
 002070   62728008001   430185            2   001   170726   00   000000   0   000000000000000   000   000000000000000   000   000000000000000      000000000008620060   000   000000008620060   0   0000000000   A   0   0000000000   A   000000   000000   000000000000000   000000000000000   0000A0000000
 002070   63216883701   430171            2   001   220726   00   000000   0   000000000000000   000   000000000000000   000   000000000000000      000000000024476285   000   000000024476285   0   0000000000   A   0   0000000000   A   000000   000000   000000000000000   000000000000000   0000A0000000
 002070   62983739101   400101            2   004   230726   00   000000   0   000000000000000   000   000000000000000   000   000000000000000      000000000040483240   000   000000161932960   0   0000000000   A   0   0000000000   A   000000   000000   000000000000000   000000000000000   0000A0000000
 002070   62795277001   430185            2   001   240726   00   000000   0   000000000000000   000   000000000000000   000   000000000000000      000000000008620060   000   000000008620060   0   0000000000   A   0   0000000000   A   000000   000000   000000000000000   000000000000000   0000A0000000
 002070   62983739101   430171            2   001   270726   00   000000   0   000000000000000   000   000000000000000   000   000000000000000      000000000024476285   000   000000024476285   0   0000000000   A   0   0000000000   A   000000   000000   000000000000000   000000000000000   0000A0000000
 002070   63056736001   430171            2   001   300726   00   000000   0   000000000000000   000   000000000000000   000   000000000000000      000000000024476285   000   000000024476285   0   0000000000   A   0   0000000000   A   000000   000000   000000000000000   000000000000000   0000A0000000
 002070   61781726901   400101            2   001   300726   00   000000   0   000000000000000   000   000000000000000   000   000000000000000      000000000040483240   000   000000040483240   0   0000000000   A   0   0000000000   A   000000   000000   000000000000000   000000000000000   0000A0000000
 002070   62159323004   100504            2   001   060726   00   000000   0   000000000000000   000   000000000000000   000   000000000000000      000000000035316163   000   000000035316163   0   0000000000   A   0   0000000000   A   000000   000000   000000000000000   000000000000000   0000A0000000
 002070   62159323004   431101            2   001   060726   00   000000   0   000000000000000   000   000000000000000   000   000000000000000      000000000001241295   000   000000001241295   0   0000000000   A   0   0000000000   A   000000   000000   000000000000000   000000000000000   0000A0000000
 002070   63304360402   030409            2   001   080726   00   000000   0   000000000000000   000   000000000000000   000   000000000000000      000000000035316163   000   000000035316163   0   0000000000   A   0   0000000000   A   000000   000000   000000000000000   000000000000000   0000A0000000
 002070   63304360402   431101            2   001   080726   00   000000   0   000000000000000   000   000000000000000   000   000000000000000      000000000001241295   000   000000001241295   0   0000000000   A   0   0000000000   A   000000   000000   000000000000000   000000000000000   0000A0000000
 002070   62777864903   060106            2   001   150726   00   000000   0   000000000000000   000   000000000000000   000   000000000000000      000000000061753961   000   000000061753961   0   0000000000   A   0   0000000000   A   000000   000000   000000000000000   000000000000000   0000A0000000
 002070   62777864903   431101            2   001   150726   00   000000   0   000000000000000   000   000000000000000   000   000000000000000      000000000001241295   000   000000001241295   0   0000000000   A   0   0000000000   A   000000   000000   000000000000000   000000000000000   0000A0000000
 002070   63216883701   130113            2   001   220726   00   000000   0   000000000000000   000   000000000000000   000   000000000000000      000000000023281046   000   000000023281046   0   0000000000   A   0   0000000000   A   000000   000000   000000000000000   000000000000000   0000A0000000
 002070   63216883701   431101            2   001   220726   00   000000   0   000000000000000   000   000000000000000   000   000000000000000      000000000001241295   000   000000001241295   0   0000000000   A   0   0000000000   A   000000   000000   000000000000000   000000000000000   0000A0000000
 002070   62983739101   080709            2   001   240726   00   000000   0   000000000000000   000   000000000000000   000   000000000000000      000000000053467487   000   000000053467487   0   0000000000   A   0   0000000000   A   000000   000000   000000000000000   000000000000000   0000A0000000
 002070   62983739101   431101            2   001   240726   00   000000   0   000000000000000   000   000000000000000   000   000000000000000      000000000001241295   000   000000001241295   0   0000000000   A   0   0000000000   A   000000   000000   000000000000000   000000000000000   0000A0000000
 002070   63056736001   100404            2   001   300726   00   000000   0   000000000000000   000   000000000000000   000   000000000000000      000000000046507568   000   000000046507568   0   0000000000   A   0   0000000000   A   000000   000000   000000000000000   000000000000000   0000A0000000
 002070   62159323004   020172            2   001   060726   00   000000   0   000000000000000   000   000000000000000   000   000000000000000      000000000003489090   000   000000003489090   0   0000000000   A   0   0000000000   A   000000   000000   000000000000000   000000000000000   0000A0000000
 002070   62159323004   015010            2   001   060726   00   000000   0   000000000000000   000   000000000000000   000   000000000000000      000000000001813500   000   000000001813500   0   0000000000   A   0   0000000000   A   000000   000000   000000000000000   000000000000000   0000A0000000
 002070   62159323004   018163            2   001   060726   00   000000   0   000000000000000   000   000000000000000   000   000000000000000      000000000001553400   000   000000001553400   0   0000000000   A   0   0000000000   A   000000   000000   000000000000000   000000000000000   0000A0000000
 002070   62159323004   014916            2   025   060726   00   000000   0   000000000000000   000   000000000000000   000   000000000000000      000000000000193053   000   000000004826318   0   0000000000   A   0   0000000000   A   000000   000000   000000000000000   000000000000000   0000A0000000
 002070   62159323004   053175            2   002   060726   00   000000   0   000000000000000   000   000000000000000   000   000000000000000      000000000004058998   000   000000008117995   0   0000000000   A   0   0000000000   A   000000   000000   000000000000000   000000000000000   0000A0000000
 002070   62159323004   019428            2   001   060726   00   000000   0   000000000000000   000   000000000000000   000   000000000000000      000000000000454114   000   000000000454114   0   0000000000   A   0   0000000000   A   000000   000000   000000000000000   000000000000000   0000A0000000
 002070   62159323004   060196            2   001   060726   00   000000   0   000000000000000   000   000000000000000   000   000000000000000      000000000001740058   000   000000001740058   0   0000000000   A   0   0000000000   A   000000   000000   000000000000000   000000000000000   0000A0000000
 002070   62159323004   058689            2   001   060726   00   000000   0   000000000000000   000   000000000000000   000   000000000000000      000000000003789454   000   000000003789454   0   0000000000   A   0   0000000000   A   000000   000000   000000000000000   000000000000000   0000A0000000
 002070   62159323004   045332            2   001   060726   00   000000   0   000000000000000   000   000000000000000   000   000000000000000      000000000001737178   000   000000001737178   0   0000000000   A   0   0000000000   A   000000   000000   000000000000000   000000000000000   0000A0000000
 002070   62159323004   034031            2   001   060726   00   000000   0   000000000000000   000   000000000000000   000   000000000000000      000000000001206392   000   000000001206392   0   0000000000   A   0   0000000000   A   000000   000000   000000000000000   000000000000000   0000A0000000
 002070   62159323004   033647            2   002   060726   00   000000   0   000000000000000   000   000000000000000   000   000000000000000      000000000000332682   000   000000000665363   0   0000000000   A   0   0000000000   A   000000   000000   000000000000000   000000000000000   0000A0000000
 002070   62159323004   058606            2   001   060726   00   000000   0   000000000000000   000   000000000000000   000   000000000000000      000000000000487627   000   000000000487627   0   0000000000   A   0   0000000000   A   000000   000000   000000000000000   000000000000000   0000A0000000
 002070   62159323004   058373            2   001   060726   00   000000   0   000000000000000   000   000000000000000   000   000000000000000      000000000000389168   000   000000000389168   0   0000000000   A   0   0000000000   A   000000   000000   000000000000000   000000000000000   0000A0000000
 002070   62159323004   018910            2   002   060726   00   000000   0   000000000000000   000   000000000000000   000   000000000000000      000000000001833258   000   000000003666517   0   0000000000   A   0   0000000000   A   000000   000000   000000000000000   000000000000000   0000A0000000
 002070   62159323004   930306            2   005   060726   00   000000   0   000000000000000   000   000000000000000   000   000000000000000      000000000000047855   000   000000000239274   0   0000000000   A   0   0000000000   A   000000   000000   000000000000000   000000000000000   0000A0000000
 002070   62159323004   930306            2   001   060726   00   000000   0   000000000000000   000   000000000000000   000   000000000000000      000000000003420873   000   000000003420873   0   0000000000   A   0   0000000000   A   000000   000000   000000000000000   000000000000000   0000A0000000
 002070   63304360402   057998            2   002   080726   00   000000   0   000000000000000   000   000000000000000   000   000000000000000      000000000000683196   000   000000001366393   0   0000000000   A   0   0000000000   A   000000   000000   000000000000000   000000000000000   0000A0000000
 002070   63304360402   020172            2   001   080726   00   000000   0   000000000000000   000   000000000000000   000   000000000000000      000000000003489090   000   000000003489090   0   0000000000   A   0   0000000000   A   000000   000000   000000000000000   000000000000000   0000A0000000
 002070   63304360402   015670            2   001   080726   00   000000   0   000000000000000   000   000000000000000   000   000000000000000      000000000002514970   000   000000002514970   0   0000000000   A   0   0000000000   A   000000   000000   000000000000000   000000000000000   0000A0000000
 002070   63304360402   052001            2   001   080726   00   000000   0   000000000000000   000   000000000000000   000   000000000000000      000000000003456981   000   000000003456981   0   0000000000   A   0   0000000000   A   000000   000000   000000000000000   000000000000000   0000A0000000
 002070   63304360402   053175            2   004   080726   00   000000   0   000000000000000   000   000000000000000   000   000000000000000      000000000004058997   000   000000016235989   0   0000000000   A   0   0000000000   A   000000   000000   000000000000000   000000000000000   0000A0000000
 002070   63304360402   049941            2   002   080726   00   000000   0   000000000000000   000   000000000000000   000   000000000000000      000000000002036306   000   000000004072612   0   0000000000   A   0   0000000000   A   000000   000000   000000000000000   000000000000000   0000A0000000
 002070   63304360402   014916            2   070   080726   00   000000   0   000000000000000   000   000000000000000   000   000000000000000      000000000000193053   000   000000013513689   0   0000000000   A   0   0000000000   A   000000   000000   000000000000000   000000000000000   0000A0000000
 002070   63304360402   018163            2   001   080726   00   000000   0   000000000000000   000   000000000000000   000   000000000000000      000000000001553400   000   000000001553400   0   0000000000   A   0   0000000000   A   000000   000000   000000000000000   000000000000000   0000A0000000
 002070   63304360402   060196            2   001   080726   00   000000   0   000000000000000   000   000000000000000   000   000000000000000      000000000001740058   000   000000001740058   0   0000000000   A   0   0000000000   A   000000   000000   000000000000000   000000000000000   0000A0000000
 002070   63304360402   058689            2   001   080726   00   000000   0   000000000000000   000   000000000000000   000   000000000000000      000000000003789454   000   000000003789454   0   0000000000   A   0   0000000000   A   000000   000000   000000000000000   000000000000000   0000A0000000
 002070   63304360402   045332            2   002   080726   00   000000   0   000000000000000   000   000000000000000   000   000000000000000      000000000001737178   000   000000003474356   0   0000000000   A   0   0000000000   A   000000   000000   000000000000000   000000000000000   0000A0000000
 002070   63304360402   034031            2   001   080726   00   000000   0   000000000000000   000   000000000000000   000   000000000000000      000000000001206392   000   000000001206392   0   0000000000   A   0   0000000000   A   000000   000000   000000000000000   000000000000000   0000A0000000
 002070   63304360402   058606            2   002   080726   00   000000   0   000000000000000   000   000000000000000   000   000000000000000      000000000000487627   000   000000000975254   0   0000000000   A   0   0000000000   A   000000   000000   000000000000000   000000000000000   0000A0000000
 002070   63304360402   024104            2   001   080726   00   000000   0   000000000000000   000   000000000000000   000   000000000000000      000000000003652110   000   000000003652110   0   0000000000   A   0   0000000000   A   000000   000000   000000000000000   000000000000000   0000A0000000
 002070   63304360402   049924            2   001   080726   00   000000   0   000000000000000   000   000000000000000   000   000000000000000      000000000001412419   000   000000001412419   0   0000000000   A   0   0000000000   A   000000   000000   000000000000000   000000000000000   0000A0000000
 002070   63304360402   930306            2   005   080726   00   000000   0   000000000000000   000   000000000000000   000   000000000000000      000000000000047855   000   000000000239274   0   0000000000   A   0   0000000000   A   000000   000000   000000000000000   000000000000000   0000A0000000
 002070   63304360402   930306            2   001   080726   00   000000   0   000000000000000   000   000000000000000   000   000000000000000      000000000002472750   000   000000002472750   0   0000000000   A   0   0000000000   A   000000   000000   000000000000000   000000000000000   0000A0000000
 002070   63304360402   930306            2   001   080726   00   000000   0   000000000000000   000   000000000000000   000   000000000000000      000000000003420873   000   000000003420873   0   0000000000   A   0   0000000000   A   000000   000000   000000000000000   000000000000000   0000A0000000
 002070   63304360402   033647            2   002   080726   00   000000   0   000000000000000   000   000000000000000   000   000000000000000      000000000000332682   000   000000000665363   0   0000000000   A   0   0000000000   A   000000   000000   000000000000000   000000000000000   0000A0000000
 002070   62777864903   057998            2   001   150726   00   000000   0   000000000000000   000   000000000000000   000   000000000000000      000000000000683196   000   000000000683196   0   0000000000   A   0   0000000000   A   000000   000000   000000000000000   000000000000000   0000A0000000
 002070   62777864903   020172            2   001   150726   00   000000   0   000000000000000   000   000000000000000   000   000000000000000      000000000003489090   000   000000003489090   0   0000000000   A   0   0000000000   A   000000   000000   000000000000000   000000000000000   0000A0000000
 002070   62777864903   015670            2   001   150726   00   000000   0   000000000000000   000   000000000000000   000   000000000000000      000000000002514970   000   000000002514970   0   0000000000   A   0   0000000000   A   000000   000000   000000000000000   000000000000000   0000A0000000
 002070   62777864903   045332            2   002   150726   00   000000   0   000000000000000   000   000000000000000   000   000000000000000      000000000001737178   000   000000003474356   0   0000000000   A   0   0000000000   A   000000   000000   000000000000000   000000000000000   0000A0000000
 002070   62777864903   052001            2   001   150726   00   000000   0   000000000000000   000   000000000000000   000   000000000000000      000000000003456981   000   000000003456981   0   0000000000   A   0   0000000000   A   000000   000000   000000000000000   000000000000000   0000A0000000
 002070   62777864903   014916            2   030   150726   00   000000   0   000000000000000   000   000000000000000   000   000000000000000      000000000000193053   000   000000005791581   0   0000000000   A   0   0000000000   A   000000   000000   000000000000000   000000000000000   0000A0000000
 002070   62777864903   049941            2   001   150726   00   000000   0   000000000000000   000   000000000000000   000   000000000000000      000000000002036306   000   000000002036306   0   0000000000   A   0   0000000000   A   000000   000000   000000000000000   000000000000000   0000A0000000
 002070   62777864903   053175            2   005   150726   00   000000   0   000000000000000   000   000000000000000   000   000000000000000      000000000004058997   000   000000020294986   0   0000000000   A   0   0000000000   A   000000   000000   000000000000000   000000000000000   0000A0000000
 002070   62777864903   019428            2   001   150726   00   000000   0   000000000000000   000   000000000000000   000   000000000000000      000000000000454114   000   000000000454114   0   0000000000   A   0   0000000000   A   000000   000000   000000000000000   000000000000000   0000A0000000
 002070   62777864903   032583            2   001   150726   00   000000   0   000000000000000   000   000000000000000   000   000000000000000      000000000000747275   000   000000000747275   0   0000000000   A   0   0000000000   A   000000   000000   000000000000000   000000000000000   0000A0000000
 002070   62777864903   024577            2   001   150726   00   000000   0   000000000000000   000   000000000000000   000   000000000000000      000000000000432824   000   000000000432824   0   0000000000   A   0   0000000000   A   000000   000000   000000000000000   000000000000000   0000A0000000
 002070   62777864903   060196            2   001   150726   00   000000   0   000000000000000   000   000000000000000   000   000000000000000      000000000001740058   000   000000001740058   0   0000000000   A   0   0000000000   A   000000   000000   000000000000000   000000000000000   0000A0000000
 002070   62777864903   058689            2   001   150726   00   000000   0   000000000000000   000   000000000000000   000   000000000000000      000000000003789454   000   000000003789454   0   0000000000   A   0   0000000000   A   000000   000000   000000000000000   000000000000000   0000A0000000
 002070   62777864903   045332            2   001   150726   00   000000   0   000000000000000   000   000000000000000   000   000000000000000      000000000001737178   000   000000001737178   0   0000000000   A   0   0000000000   A   000000   000000   000000000000000   000000000000000   0000A0000000
 002070   62777864903   034031            2   001   150726   00   000000   0   000000000000000   000   000000000000000   000   000000000000000      000000000001206392   000   000000001206392   0   0000000000   A   0   0000000000   A   000000   000000   000000000000000   000000000000000   0000A0000000
 002070   62777864903   033647            2   002   150726   00   000000   0   000000000000000   000   000000000000000   000   000000000000000      000000000000332682   000   000000000665363   0   0000000000   A   0   0000000000   A   000000   000000   000000000000000   000000000000000   0000A0000000
 002070   62777864903   058606            2   002   150726   00   000000   0   000000000000000   000   000000000000000   000   000000000000000      000000000000487627   000   000000000975254   0   0000000000   A   0   0000000000   A   000000   000000   000000000000000   000000000000000   0000A0000000
 002070   62777864903   058373            2   001   150726   00   000000   0   000000000000000   000   000000000000000   000   000000000000000      000000000000389168   000   000000000389168   0   0000000000   A   0   0000000000   A   000000   000000   000000000000000   000000000000000   0000A0000000
 002070   62777864903   024104            2   001   150726   00   000000   0   000000000000000   000   000000000000000   000   000000000000000      000000000003652110   000   000000003652110   0   0000000000   A   0   0000000000   A   000000   000000   000000000000000   000000000000000   0000A0000000
 002070   62777864903   018910            2   004   150726   00   000000   0   000000000000000   000   000000000000000   000   000000000000000      000000000001833258   000   000000007333034   0   0000000000   A   0   0000000000   A   000000   000000   000000000000000   000000000000000   0000A0000000
 002070   62777864903   930306            2   005   150726   00   000000   0   000000000000000   000   000000000000000   000   000000000000000      000000000000047855   000   000000000239274   0   0000000000   A   0   0000000000   A   000000   000000   000000000000000   000000000000000   0000A0000000
 002070   62777864903   930306            2   001   150726   00   000000   0   000000000000000   000   000000000000000   000   000000000000000      000000000002472750   000   000000002472750   0   0000000000   A   0   0000000000   A   000000   000000   000000000000000   000000000000000   0000A0000000
 002070   62777864903   930306            2   001   150726   00   000000   0   000000000000000   000   000000000000000   000   000000000000000      000000000003420873   000   000000003420873   0   0000000000   A   0   0000000000   A   000000   000000   000000000000000   000000000000000   0000A0000000
 002070   63216883701   057998            2   001   220726   00   000000   0   000000000000000   000   000000000000000   000   000000000000000      000000000000683196   000   000000000683196   0   0000000000   A   0   0000000000   A   000000   000000   000000000000000   000000000000000   0000A0000000
 002070   63216883701   015010            2   001   220726   00   000000   0   000000000000000   000   000000000000000   000   000000000000000      000000000001813500   000   000000001813500   0   0000000000   A   0   0000000000   A   000000   000000   000000000000000   000000000000000   0000A0000000
 002070   63216883701   020172            2   001   220726   00   000000   0   000000000000000   000   000000000000000   000   000000000000000      000000000003489090   000   000000003489090   0   0000000000   A   0   0000000000   A   000000   000000   000000000000000   000000000000000   0000A0000000
 002070   63216883701   049941            2   001   220726   00   000000   0   000000000000000   000   000000000000000   000   000000000000000      000000000002036306   000   000000002036306   0   0000000000   A   0   0000000000   A   000000   000000   000000000000000   000000000000000   0000A0000000
 002070   63216883701   053175            2   005   220726   00   000000   0   000000000000000   000   000000000000000   000   000000000000000      000000000004058997   000   000000020294986   0   0000000000   A   0   0000000000   A   000000   000000   000000000000000   000000000000000   0000A0000000
 002070   63216883701   014916            2   030   220726   00   000000   0   000000000000000   000   000000000000000   000   000000000000000      000000000000193053   000   000000005791581   0   0000000000   A   0   0000000000   A   000000   000000   000000000000000   000000000000000   0000A0000000
 002070   63216883701   019428            2   002   220726   00   000000   0   000000000000000   000   000000000000000   000   000000000000000      000000000000454114   000   000000000908228   0   0000000000   A   0   0000000000   A   000000   000000   000000000000000   000000000000000   0000A0000000
 002070   63216883701   024577            2   001   220726   00   000000   0   000000000000000   000   000000000000000   000   000000000000000      000000000000432824   000   000000000432824   0   0000000000   A   0   0000000000   A   000000   000000   000000000000000   000000000000000   0000A0000000
 002070   63216883701   058689            2   001   220726   00   000000   0   000000000000000   000   000000000000000   000   000000000000000      000000000003789454   000   000000003789454   0   0000000000   A   0   0000000000   A   000000   000000   000000000000000   000000000000000   0000A0000000
 002070   63216883701   045332            2   001   220726   00   000000   0   000000000000000   000   000000000000000   000   000000000000000      000000000001737178   000   000000001737178   0   0000000000   A   0   0000000000   A   000000   000000   000000000000000   000000000000000   0000A0000000
 002070   63216883701   034031            2   001   220726   00   000000   0   000000000000000   000   000000000000000   000   000000000000000      000000000001206392   000   000000001206392   0   0000000000   A   0   0000000000   A   000000   000000   000000000000000   000000000000000   0000A0000000
 002070   63216883701   058606            2   002   220726   00   000000   0   000000000000000   000   000000000000000   000   000000000000000      000000000000487627   000   000000000975254   0   0000000000   A   0   0000000000   A   000000   000000   000000000000000   000000000000000   0000A0000000
 002070   63216883701   058373            2   001   220726   00   000000   0   000000000000000   000   000000000000000   000   000000000000000      000000000000389168   000   000000000389168   0   0000000000   A   0   0000000000   A   000000   000000   000000000000000   000000000000000   0000A0000000
 002070   63216883701   024104            2   001   220726   00   000000   0   000000000000000   000   000000000000000   000   000000000000000      000000000003652110   000   000000003652110   0   0000000000   A   0   0000000000   A   000000   000000   000000000000000   000000000000000   0000A0000000
 002070   63216883701   049924            2   002   220726   00   000000   0   000000000000000   000   000000000000000   000   000000000000000      000000000001412418   000   000000002824837   0   0000000000   A   0   0000000000   A   000000   000000   000000000000000   000000000000000   0000A0000000
 002070   63216883701   018910            2   004   220726   00   000000   0   000000000000000   000   000000000000000   000   000000000000000      000000000001833258   000   000000007333034   0   0000000000   A   0   0000000000   A   000000   000000   000000000000000   000000000000000   0000A0000000
 002070   63216883701   930306            2   001   220726   00   000000   0   000000000000000   000   000000000000000   000   000000000000000      000000000002472750   000   000000002472750   0   0000000000   A   0   0000000000   A   000000   000000   000000000000000   000000000000000   0000A0000000
 002070   63216883701   930306            2   001   220726   00   000000   0   000000000000000   000   000000000000000   000   000000000000000      000000000003420873   000   000000003420873   0   0000000000   A   0   0000000000   A   000000   000000   000000000000000   000000000000000   0000A0000000
 002070   62983739101   930306            2   001   240726   00   000000   0   000000000000000   000   000000000000000   000   000000000000000      000000000010300500   000   000000010300500   0   0000000000   A   0   0000000000   A   000000   000000   000000000000000   000000000000000   0000A0000000
 002070   62983739101   930306            2   002   240726   00   000000   0   000000000000000   000   000000000000000   000   000000000000000      000000000011907000   000   000000023814000   0   0000000000   A   0   0000000000   A   000000   000000   000000000000000   000000000000000   0000A0000000
 002070   62983739101   930306            2   002   240726   00   000000   0   000000000000000   000   000000000000000   000   000000000000000      000000000012631517   000   000000025263034   0   0000000000   A   0   0000000000   A   000000   000000   000000000000000   000000000000000   0000A0000000
 002070   62983739101   020172            2   001   240726   00   000000   0   000000000000000   000   000000000000000   000   000000000000000      000000000003489090   000   000000003489090   0   0000000000   A   0   0000000000   A   000000   000000   000000000000000   000000000000000   0000A0000000
 002070   62983739101   015010            2   001   240726   00   000000   0   000000000000000   000   000000000000000   000   000000000000000      000000000001813500   000   000000001813500   0   0000000000   A   0   0000000000   A   000000   000000   000000000000000   000000000000000   0000A0000000
 002070   62983739101   018168            2   001   240726   00   000000   0   000000000000000   000   000000000000000   000   000000000000000      000000000000945900   000   000000000945900   0   0000000000   A   0   0000000000   A   000000   000000   000000000000000   000000000000000   0000A0000000
 002070   62983739101   052001            2   001   240726   00   000000   0   000000000000000   000   000000000000000   000   000000000000000      000000000003456981   000   000000003456981   0   0000000000   A   0   0000000000   A   000000   000000   000000000000000   000000000000000   0000A0000000
 002070   62983739101   014916            2   085   240726   00   000000   0   000000000000000   000   000000000000000   000   000000000000000      000000000000193053   000   000000016409480   0   0000000000   A   0   0000000000   A   000000   000000   000000000000000   000000000000000   0000A0000000
 002070   62983739101   053175            2   006   240726   00   000000   0   000000000000000   000   000000000000000   000   000000000000000      000000000004058997   000   000000024353984   0   0000000000   A   0   0000000000   A   000000   000000   000000000000000   000000000000000   0000A0000000
 002070   62983739101   019428            2   001   240726   00   000000   0   000000000000000   000   000000000000000   000   000000000000000      000000000000454114   000   000000000454114   0   0000000000   A   0   0000000000   A   000000   000000   000000000000000   000000000000000   0000A0000000
 002070   62983739101   032583            2   001   240726   00   000000   0   000000000000000   000   000000000000000   000   000000000000000      000000000000747275   000   000000000747275   0   0000000000   A   0   0000000000   A   000000   000000   000000000000000   000000000000000   0000A0000000
 002070   62983739101   058689            2   001   240726   00   000000   0   000000000000000   000   000000000000000   000   000000000000000      000000000003789454   000   000000003789454   0   0000000000   A   0   0000000000   A   000000   000000   000000000000000   000000000000000   0000A0000000
 002070   62983739101   034031            2   001   240726   00   000000   0   000000000000000   000   000000000000000   000   000000000000000      000000000001206392   000   000000001206392   0   0000000000   A   0   0000000000   A   000000   000000   000000000000000   000000000000000   0000A0000000
 002070   62983739101   058373            2   001   240726   00   000000   0   000000000000000   000   000000000000000   000   000000000000000      000000000000389168   000   000000000389168   0   0000000000   A   0   0000000000   A   000000   000000   000000000000000   000000000000000   0000A0000000
 002070   62983739101   049924            2   002   240726   00   000000   0   000000000000000   000   000000000000000   000   000000000000000      000000000001412418   000   000000002824837   0   0000000000   A   0   0000000000   A   000000   000000   000000000000000   000000000000000   0000A0000000
 002070   62983739101   018910            2   004   240726   00   000000   0   000000000000000   000   000000000000000   000   000000000000000      000000000001833258   000   000000007333034   0   0000000000   A   0   0000000000   A   000000   000000   000000000000000   000000000000000   0000A0000000
 002070   62983739101   930306            2   005   240726   00   000000   0   000000000000000   000   000000000000000   000   000000000000000      000000000000047855   000   000000000239274   0   0000000000   A   0   0000000000   A   000000   000000   000000000000000   000000000000000   0000A0000000
 002070   62983739101   930306            2   001   240726   00   000000   0   000000000000000   000   000000000000000   000   000000000000000      000000000003420873   000   000000003420873   0   0000000000   A   0   0000000000   A   000000   000000   000000000000000   000000000000000   0000A0000000
 002070   63056736001   022323            2   001   300726   00   000000   0   000000000000000   000   000000000000000   000   000000000000000      000000000002098942   000   000000002098942   0   0000000000   A   0   0000000000   A   000000   000000   000000000000000   000000000000000   0000A0000000
 002070   63056736001   018168            2   002   300726   00   000000   0   000000000000000   000   000000000000000   000   000000000000000      000000000000945900   000   000000001891800   0   0000000000   A   0   0000000000   A   000000   000000   000000000000000   000000000000000   0000A0000000
 002070   63056736001   055443            2   001   300726   00   000000   0   000000000000000   000   000000000000000   000   000000000000000      000000000005041306   000   000000005041306   0   0000000000   A   0   0000000000   A   000000   000000   000000000000000   000000000000000   0000A0000000
 002070   63056736001   056870            2   002   300726   00   000000   0   000000000000000   000   000000000000000   000   000000000000000      000000000003767335   000   000000007534670   0   0000000000   A   0   0000000000   A   000000   000000   000000000000000   000000000000000   0000A0000000
 002070   63056736001   053175            2   002   300726   00   000000   0   000000000000000   000   000000000000000   000   000000000000000      000000000004058998   000   000000008117995   0   0000000000   A   0   0000000000   A   000000   000000   000000000000000   000000000000000   0000A0000000
 002070   63056736001   057916            2   001   300726   00   000000   0   000000000000000   000   000000000000000   000   000000000000000      000000000003819600   000   000000003819600   0   0000000000   A   0   0000000000   A   000000   000000   000000000000000   000000000000000   0000A0000000
 002070   63056736001   060196            2   001   300726   00   000000   0   000000000000000   000   000000000000000   000   000000000000000      000000000001740058   000   000000001740058   0   0000000000   A   0   0000000000   A   000000   000000   000000000000000   000000000000000   0000A0000000
 002070   63056736001   031837            2   001   300726   00   000000   0   000000000000000   000   000000000000000   000   000000000000000      000000000001345371   000   000000001345371   0   0000000000   A   0   0000000000   A   000000   000000   000000000000000   000000000000000   0000A0000000
 002070   63056736001   034031            2   001   300726   00   000000   0   000000000000000   000   000000000000000   000   000000000000000      000000000001206392   000   000000001206392   0   0000000000   A   0   0000000000   A   000000   000000   000000000000000   000000000000000   0000A0000000
 002070   63056736001   058373            2   001   300726   00   000000   0   000000000000000   000   000000000000000   000   000000000000000      000000000000389168   000   000000000389168   0   0000000000   A   0   0000000000   A   000000   000000   000000000000000   000000000000000   0000A0000000
 002070   63056736001   029366            2   001   300726   00   000000   0   000000000000000   000   000000000000000   000   000000000000000      000000000000528681   000   000000000528681   0   0000000000   A   0   0000000000   A   000000   000000   000000000000000   000000000000000   0000A0000000
 002070   63056736001   930306            2   005   300726   00   000000   0   000000000000000   000   000000000000000   000   000000000000000      000000000000047855   000   000000000239274   0   0000000000   A   0   0000000000   A   000000   000000   000000000000000   000000000000000   0000A0000000
 002070   63056736001   930306            2   001   300726   00   000000   0   000000000000000   000   000000000000000   000   000000000000000      000000000002472750   000   000000002472750   0   0000000000   A   0   0000000000   A   000000   000000   000000000000000   000000000000000   0000A0000000
 002070   63304360402   930306            2   001   080726   00   000000   0   000000000000000   000   000000000000000   000   000000000000000      000000000001184071   000   000000001184071   0   0000000000   A   0   0000000000   A   000000   000000   000000000000000   000000000000000   0000A0000000
 002070   63304360402   053179            2   001   080726   00   000000   0   000000000000000   000   000000000000000   000   000000000000000      000000000004649817   000   000000004649817   0   0000000000   A   0   0000000000   A   000000   000000   000000000000000   000000000000000   0000A0000000
 002070   63304360402   058606            2   003   080726   00   000000   0   000000000000000   000   000000000000000   000   000000000000000      000000000000487627   000   000000001462882   0   0000000000   A   0   0000000000   A   000000   000000   000000000000000   000000000000000   0000A0000000
 002070   63304360402   930306            2   001   080726   00   000000   0   000000000000000   000   000000000000000   000   000000000000000      000000000001184071   000   000000001184071   0   0000000000   A   0   0000000000   A   000000   000000   000000000000000   000000000000000   0000A0000000
 002070   63304360402   930306            2   001   080726   00   000000   0   000000000000000   000   000000000000000   000   000000000000000      000000000000168489   000   000000000168489   0   0000000000   A   0   0000000000   A   000000   000000   000000000000000   000000000000000   0000A0000000
 002070   63304360402   930306            2   001   080726   00   000000   0   000000000000000   000   000000000000000   000   000000000000000      000000000002472750   000   000000002472750   0   0000000000   A   0   0000000000   A   000000   000000   000000000000000   000000000000000   0000A0000000
 002070   63304360402   029366            2   001   080726   00   000000   0   000000000000000   000   000000000000000   000   000000000000000      000000000000528681   000   000000000528681   0   0000000000   A   0   0000000000   A   000000   000000   000000000000000   000000000000000   0000A0000000
 002070   63304360402   049941            2   003   080726   00   000000   0   000000000000000   000   000000000000000   000   000000000000000      000000000002036306   000   000000006108917   0   0000000000   A   0   0000000000   A   000000   000000   000000000000000   000000000000000   0000A0000000
 002070   63304360402   930306            2   001   080726   00   000000   0   000000000000000   000   000000000000000   000   000000000000000      000000000004095457   000   000000004095457   0   0000000000   A   0   0000000000   A   000000   000000   000000000000000   000000000000000   0000A0000000
 002070   63304360402   045332            2   003   080726   00   000000   0   000000000000000   000   000000000000000   000   000000000000000      000000000001737178   000   000000005211535   0   0000000000   A   0   0000000000   A   000000   000000   000000000000000   000000000000000   0000A0000000
 002070   63304360402   045717            2   001   080726   00   000000   0   000000000000000   000   000000000000000   000   000000000000000      000000000000034968   000   000000000034968   0   0000000000   A   0   0000000000   A   000000   000000   000000000000000   000000000000000   0000A0000000
 002070   63304360402   032583            2   002   100726   00   000000   0   000000000000000   000   000000000000000   000   000000000000000      000000000000747276   000   000000001494551   0   0000000000   A   0   0000000000   A   000000   000000   000000000000000   000000000000000   0000A0000000
 002070   62777864903   053175            2   001   150726   00   000000   0   000000000000000   000   000000000000000   000   000000000000000      000000000004058997   000   000000004058997   0   0000000000   A   0   0000000000   A   000000   000000   000000000000000   000000000000000   0000A0000000
 002070   62777864903   930306            2   001   150726   00   000000   0   000000000000000   000   000000000000000   000   000000000000000      000000000001184071   000   000000001184071   0   0000000000   A   0   0000000000   A   000000   000000   000000000000000   000000000000000   0000A0000000
 002070   62777864903   058606            2   003   150726   00   000000   0   000000000000000   000   000000000000000   000   000000000000000      000000000000487627   000   000000001462882   0   0000000000   A   0   0000000000   A   000000   000000   000000000000000   000000000000000   0000A0000000
 002070   62777864903   032583            2   002   150726   00   000000   0   000000000000000   000   000000000000000   000   000000000000000      000000000000747276   000   000000001494551   0   0000000000   A   0   0000000000   A   000000   000000   000000000000000   000000000000000   0000A0000000
 002070   62777864903   930306            2   001   150726   00   000000   0   000000000000000   000   000000000000000   000   000000000000000      000000000001184071   000   000000001184071   0   0000000000   A   0   0000000000   A   000000   000000   000000000000000   000000000000000   0000A0000000
 002070   62777864903   930306            2   001   150726   00   000000   0   000000000000000   000   000000000000000   000   000000000000000      000000000000168489   000   000000000168489   0   0000000000   A   0   0000000000   A   000000   000000   000000000000000   000000000000000   0000A0000000
 002070   62777864903   930306            2   001   150726   00   000000   0   000000000000000   000   000000000000000   000   000000000000000      000000000002472750   000   000000002472750   0   0000000000   A   0   0000000000   A   000000   000000   000000000000000   000000000000000   0000A0000000
 002070   62777864903   029366            2   001   150726   00   000000   0   000000000000000   000   000000000000000   000   000000000000000      000000000000528681   000   000000000528681   0   0000000000   A   0   0000000000   A   000000   000000   000000000000000   000000000000000   0000A0000000
 002070   62777864903   049941            2   003   150726   00   000000   0   000000000000000   000   000000000000000   000   000000000000000      000000000002036306   000   000000006108917   0   0000000000   A   0   0000000000   A   000000   000000   000000000000000   000000000000000   0000A0000000
 002070   62777864903   053175            2   001   150726   00   000000   0   000000000000000   000   000000000000000   000   000000000000000      000000000004058997   000   000000004058997   0   0000000000   A   0   0000000000   A   000000   000000   000000000000000   000000000000000   0000A0000000
 002070   62777864903   930306            2   001   150726   00   000000   0   000000000000000   000   000000000000000   000   000000000000000      000000000004095457   000   000000004095457   0   0000000000   A   0   0000000000   A   000000   000000   000000000000000   000000000000000   0000A0000000
 002070   62777864903   045332            2   004   150726   00   000000   0   000000000000000   000   000000000000000   000   000000000000000      000000000001737178   000   000000006948713   0   0000000000   A   0   0000000000   A   000000   000000   000000000000000   000000000000000   0000A0000000
 002070   62777864903   053179            2   001   150726   00   000000   0   000000000000000   000   000000000000000   000   000000000000000      000000000004649817   000   000000004649817   0   0000000000   A   0   0000000000   A   000000   000000   000000000000000   000000000000000   0000A0000000
 002070   62777864903   058373            2   001   160726   00   000000   0   000000000000000   000   000000000000000   000   000000000000000      000000000000389168   000   000000000389168   0   0000000000   A   0   0000000000   A   000000   000000   000000000000000   000000000000000   0000A0000000
 002070   62777864903   045717            2   001   160726   00   000000   0   000000000000000   000   000000000000000   000   000000000000000      000000000000034968   000   000000000034968   0   0000000000   A   0   0000000000   A   000000   000000   000000000000000   000000000000000   0000A0000000
 002070   62777864903   058606            2   003   160726   00   000000   0   000000000000000   000   000000000000000   000   000000000000000      000000000000487627   000   000000001462882   0   0000000000   A   0   0000000000   A   000000   000000   000000000000000   000000000000000   0000A0000000
 002070   62777864903   032583            2   002   160726   00   000000   0   000000000000000   000   000000000000000   000   000000000000000      000000000000747276   000   000000001494551   0   0000000000   A   0   0000000000   A   000000   000000   000000000000000   000000000000000   0000A0000000
 002070   62777864903   053179            2   001   160726   00   000000   0   000000000000000   000   000000000000000   000   000000000000000      000000000004649817   000   000000004649817   0   0000000000   A   0   0000000000   A   000000   000000   000000000000000   000000000000000   0000A0000000
 002070   63216883701   930306            2   001   220726   00   000000   0   000000000000000   000   000000000000000   000   000000000000000      000000000001184071   000   000000001184071   0   0000000000   A   0   0000000000   A   000000   000000   000000000000000   000000000000000   0000A0000000
 002070   63216883701   053179            2   001   220726   00   000000   0   000000000000000   000   000000000000000   000   000000000000000      000000000004649817   000   000000004649817   0   0000000000   A   0   0000000000   A   000000   000000   000000000000000   000000000000000   0000A0000000
 002070   63216883701   058606            2   003   220726   00   000000   0   000000000000000   000   000000000000000   000   000000000000000      000000000000487627   000   000000001462882   0   0000000000   A   0   0000000000   A   000000   000000   000000000000000   000000000000000   0000A0000000
 002070   63216883701   930306            2   001   220726   00   000000   0   000000000000000   000   000000000000000   000   000000000000000      000000000001184071   000   000000001184071   0   0000000000   A   0   0000000000   A   000000   000000   000000000000000   000000000000000   0000A0000000
 002070   63216883701   930306            2   001   220726   00   000000   0   000000000000000   000   000000000000000   000   000000000000000      000000000000168489   000   000000000168489   0   0000000000   A   0   0000000000   A   000000   000000   000000000000000   000000000000000   0000A0000000
 002070   63216883701   930306            2   001   220726   00   000000   0   000000000000000   000   000000000000000   000   000000000000000      000000000002472750   000   000000002472750   0   0000000000   A   0   0000000000   A   000000   000000   000000000000000   000000000000000   0000A0000000
 002070   63216883701   029366            2   001   220726   00   000000   0   000000000000000   000   000000000000000   000   000000000000000      000000000000528681   000   000000000528681   0   0000000000   A   0   0000000000   A   000000   000000   000000000000000   000000000000000   0000A0000000
 002070   63216883701   049941            2   001   220726   00   000000   0   000000000000000   000   000000000000000   000   000000000000000      000000000002036306   000   000000002036306   0   0000000000   A   0   0000000000   A   000000   000000   000000000000000   000000000000000   0000A0000000
 002070   63216883701   930306            2   001   220726   00   000000   0   000000000000000   000   000000000000000   000   000000000000000      000000000004095457   000   000000004095457   0   0000000000   A   0   0000000000   A   000000   000000   000000000000000   000000000000000   0000A0000000
 002070   63216883701   053175            2   001   220726   00   000000   0   000000000000000   000   000000000000000   000   000000000000000      000000000004058997   000   000000004058997   0   0000000000   A   0   0000000000   A   000000   000000   000000000000000   000000000000000   0000A0000000
 002070   62983739101   930306            2   001   230726   00   000000   0   000000000000000   000   000000000000000   000   000000000000000      000000000000382801   000   000000000382801   0   0000000000   A   0   0000000000   A   000000   000000   000000000000000   000000000000000   0000A0000000
 002070   62983739101   930306            2   001   230726   00   000000   0   000000000000000   000   000000000000000   000   000000000000000      000000000000168489   000   000000000168489   0   0000000000   A   0   0000000000   A   000000   000000   000000000000000   000000000000000   0000A0000000
 002070   62983739101   930306            2   001   230726   00   000000   0   000000000000000   000   000000000000000   000   000000000000000      000000000000381150   000   000000000381150   0   0000000000   A   0   0000000000   A   000000   000000   000000000000000   000000000000000   0000A0000000
 002070   62983739101   930306            2   001   230726   00   000000   0   000000000000000   000   000000000000000   000   000000000000000      000000000002472750   000   000000002472750   0   0000000000   A   0   0000000000   A   000000   000000   000000000000000   000000000000000   0000A0000000
 002070   62983739101   053175            2   001   230726   00   000000   0   000000000000000   000   000000000000000   000   000000000000000      000000000004058997   000   000000004058997   0   0000000000   A   0   0000000000   A   000000   000000   000000000000000   000000000000000   0000A0000000
 002070   62983739101   930306            2   003   230726   00   000000   0   000000000000000   000   000000000000000   000   000000000000000      000000000000047855   000   000000000143564   0   0000000000   A   0   0000000000   A   000000   000000   000000000000000   000000000000000   0000A0000000
 002070   62983739101   058606            2   003   240726   00   000000   0   000000000000000   000   000000000000000   000   000000000000000      000000000000487627   000   000000001462882   0   0000000000   A   0   0000000000   A   000000   000000   000000000000000   000000000000000   0000A0000000
 002070   62983739101   058373            2   001   240726   00   000000   0   000000000000000   000   000000000000000   000   000000000000000      000000000000389168   000   000000000389168   0   0000000000   A   0   0000000000   A   000000   000000   000000000000000   000000000000000   0000A0000000
 002070   62983739101   930306            2   002   240726   00   000000   0   000000000000000   000   000000000000000   000   000000000000000      000000000004095457   000   000000008190914   0   0000000000   A   0   0000000000   A   000000   000000   000000000000000   000000000000000   0000A0000000
 002070   62983739101   029366            2   001   240726   00   000000   0   000000000000000   000   000000000000000   000   000000000000000      000000000000528681   000   000000000528681   0   0000000000   A   0   0000000000   A   000000   000000   000000000000000   000000000000000   0000A0000000
 002070   62983739101   930306            2   002   240726   00   000000   0   000000000000000   000   000000000000000   000   000000000000000      000000000001184070   000   000000002368141   0   0000000000   A   0   0000000000   A   000000   000000   000000000000000   000000000000000   0000A0000000
 002070   62983739101   049924            2   005   240726   00   000000   0   000000000000000   000   000000000000000   000   000000000000000      000000000001412419   000   000000007062093   0   0000000000   A   0   0000000000   A   000000   000000   000000000000000   000000000000000   0000A0000000
 002070   62983739101   053175            2   003   240726   00   000000   0   000000000000000   000   000000000000000   000   000000000000000      000000000004058997   000   000000012176992   0   0000000000   A   0   0000000000   A   000000   000000   000000000000000   000000000000000   0000A0000000
 002070   62983739101   026109            2   002   240726   00   000000   0   000000000000000   000   000000000000000   000   000000000000000      000000000000585000   000   000000001170000   0   0000000000   A   0   0000000000   A   000000   000000   000000000000000   000000000000000   0000A0000000
 002070   62983739101   053986            2   002   240726   00   000000   0   000000000000000   000   000000000000000   000   000000000000000      000000000000238054   000   000000000476107   0   0000000000   A   0   0000000000   A   000000   000000   000000000000000   000000000000000   0000A0000000
 002070   62983739101   930306            2   001   240726   00   000000   0   000000000000000   000   000000000000000   000   000000000000000      000000000002472750   000   000000002472750   0   0000000000   A   0   0000000000   A   000000   000000   000000000000000   000000000000000   0000A0000000
 002070   62983739101   930306            2   001   240726   00   000000   0   000000000000000   000   000000000000000   000   000000000000000      000000000004095457   000   000000004095457   0   0000000000   A   0   0000000000   A   000000   000000   000000000000000   000000000000000   0000A0000000
 002070   62983739101   049924            2   001   240726   00   000000   0   000000000000000   000   000000000000000   000   000000000000000      000000000001412419   000   000000001412419   0   0000000000   A   0   0000000000   A   000000   000000   000000000000000   000000000000000   0000A0000000
 002070   62983739101   056867            2   001   240726   00   000000   0   000000000000000   000   000000000000000   000   000000000000000      000000000003573728   000   000000003573728   0   0000000000   A   0   0000000000   A   000000   000000   000000000000000   000000000000000   0000A0000000
 002070   62983739101   029366            2   003   240726   00   000000   0   000000000000000   000   000000000000000   000   000000000000000      000000000000528681   000   000000001586042   0   0000000000   A   0   0000000000   A   000000   000000   000000000000000   000000000000000   0000A0000000
 002070   62983739101   058373            2   003   240726   00   000000   0   000000000000000   000   000000000000000   000   000000000000000      000000000000389168   000   000000001167504   0   0000000000   A   0   0000000000   A   000000   000000   000000000000000   000000000000000   0000A0000000
 002070   62983739101   022323            2   002   240726   00   000000   0   000000000000000   000   000000000000000   000   000000000000000      000000000002098942   000   000000004197884   0   0000000000   A   0   0000000000   A   000000   000000   000000000000000   000000000000000   0000A0000000
 002070   62983739101   053175            2   004   240726   00   000000   0   000000000000000   000   000000000000000   000   000000000000000      000000000004058997   000   000000016235989   0   0000000000   A   0   0000000000   A   000000   000000   000000000000000   000000000000000   0000A0000000
 002070   62983739101   026109            2   004   240726   00   000000   0   000000000000000   000   000000000000000   000   000000000000000      000000000000585000   000   000000002340000   0   0000000000   A   0   0000000000   A   000000   000000   000000000000000   000000000000000   0000A0000000
 002070   62983739101   053175            2   001   240726   00   000000   0   000000000000000   000   000000000000000   000   000000000000000      000000000004058997   000   000000004058997   0   0000000000   A   0   0000000000   A   000000   000000   000000000000000   000000000000000   0000A0000000
 002070   62983739101   058606            2   003   240726   00   000000   0   000000000000000   000   000000000000000   000   000000000000000      000000000000487627   000   000000001462882   0   0000000000   A   0   0000000000   A   000000   000000   000000000000000   000000000000000   0000A0000000
 002070   62983739101   056867            2   001   240726   00   000000   0   000000000000000   000   000000000000000   000   000000000000000      000000000003573728   000   000000003573728   0   0000000000   A   0   0000000000   A   000000   000000   000000000000000   000000000000000   0000A0000000
 002070   62983739101   930306            2   001   240726   00   000000   0   000000000000000   000   000000000000000   000   000000000000000      000000000000156545   000   000000000156545   0   0000000000   A   0   0000000000   A   000000   000000   000000000000000   000000000000000   0000A0000000
 002070   62983739101   930306            2   003   240726   00   000000   0   000000000000000   000   000000000000000   000   000000000000000      000000000000047855   000   000000000143564   0   0000000000   A   0   0000000000   A   000000   000000   000000000000000   000000000000000   0000A0000000
 002070   62983739101   058373            2   001   240726   00   000000   0   000000000000000   000   000000000000000   000   000000000000000      000000000000389168   000   000000000389168   0   0000000000   A   0   0000000000   A   000000   000000   000000000000000   000000000000000   0000A0000000
 002070   62983739101   029366            2   001   240726   00   000000   0   000000000000000   000   000000000000000   000   000000000000000      000000000000528681   000   000000000528681   0   0000000000   A   0   0000000000   A   000000   000000   000000000000000   000000000000000   0000A0000000
 002070   62983739101   053175            2   001   240726   00   000000   0   000000000000000   000   000000000000000   000   000000000000000      000000000004058997   000   000000004058997   0   0000000000   A   0   0000000000   A   000000   000000   000000000000000   000000000000000   0000A0000000
 002070   62983739101   018168            2   001   240726   00   000000   0   000000000000000   000   000000000000000   000   000000000000000      000000000000945900   000   000000000945900   0   0000000000   A   0   0000000000   A   000000   000000   000000000000000   000000000000000   0000A0000000
 002070   62983739101   053986            2   002   240726   00   000000   0   000000000000000   000   000000000000000   000   000000000000000      000000000000238054   000   000000000476107   0   0000000000   A   0   0000000000   A   000000   000000   000000000000000   000000000000000   0000A0000000
 002070   62983739101   040318            2   001   240726   00   000000   0   000000000000000   000   000000000000000   000   000000000000000      000000000003936402   000   000000003936402   0   0000000000   A   0   0000000000   A   000000   000000   000000000000000   000000000000000   0000A0000000
 002070   62983739101   053175            2   001   240726   00   000000   0   000000000000000   000   000000000000000   000   000000000000000      000000000004058997   000   000000004058997   0   0000000000   A   0   0000000000   A   000000   000000   000000000000000   000000000000000   0000A0000000
 002070   62983739101   053986            2   001   240726   00   000000   0   000000000000000   000   000000000000000   000   000000000000000      000000000000238054   000   000000000238054   0   0000000000   A   0   0000000000   A   000000   000000   000000000000000   000000000000000   0000A0000000
 002070   62983739101   040318            2   001   250726   00   000000   0   000000000000000   000   000000000000000   000   000000000000000      000000000003936402   000   000000003936402   0   0000000000   A   0   0000000000   A   000000   000000   000000000000000   000000000000000   0000A0000000
 002070   62983739101   053986            2   002   250726   00   000000   0   000000000000000   000   000000000000000   000   000000000000000      000000000000238054   000   000000000476107   0   0000000000   A   0   0000000000   A   000000   000000   000000000000000   000000000000000   0000A0000000
 002070   62983739101   930306            2   001   250726   00   000000   0   000000000000000   000   000000000000000   000   000000000000000      000000000000452970   000   000000000452970   0   0000000000   A   0   0000000000   A   000000   000000   000000000000000   000000000000000   0000A0000000
 002070   62983739101   930306            2   001   250726   00   000000   0   000000000000000   000   000000000000000   000   000000000000000      000000000004095457   000   000000004095457   0   0000000000   A   0   0000000000   A   000000   000000   000000000000000   000000000000000   0000A0000000
 002070   62983739101   930306            2   001   250726   00   000000   0   000000000000000   000   000000000000000   000   000000000000000      000000000004095457   000   000000004095457   0   0000000000   A   0   0000000000   A   000000   000000   000000000000000   000000000000000   0000A0000000
 002070   62983739101   040318            2   001   250726   00   000000   0   000000000000000   000   000000000000000   000   000000000000000      000000000003936402   000   000000003936402   0   0000000000   A   0   0000000000   A   000000   000000   000000000000000   000000000000000   0000A0000000
 002070   62983739101   053986            2   001   250726   00   000000   0   000000000000000   000   000000000000000   000   000000000000000      000000000000238054   000   000000000238054   0   0000000000   A   0   0000000000   A   000000   000000   000000000000000   000000000000000   0000A0000000
 002070   62983739101   032583            2   001   250726   00   000000   0   000000000000000   000   000000000000000   000   000000000000000      000000000000747275   000   000000000747275   0   0000000000   A   0   0000000000   A   000000   000000   000000000000000   000000000000000   0000A0000000
 002070   62983739101   041924            2   001   250726   00   000000   0   000000000000000   000   000000000000000   000   000000000000000      000000000000616586   000   000000000616586   0   0000000000   A   0   0000000000   A   000000   000000   000000000000000   000000000000000   0000A0000000
 002070   62983739101   032971            2   001   250726   00   000000   0   000000000000000   000   000000000000000   000   000000000000000      000000000000683024   000   000000000683024   0   0000000000   A   0   0000000000   A   000000   000000   000000000000000   000000000000000   0000A0000000
 002070   62983739101   052199            2   001   250726   00   000000   0   000000000000000   000   000000000000000   000   000000000000000      000000000007903074   000   000000007903074   0   0000000000   A   0   0000000000   A   000000   000000   000000000000000   000000000000000   0000A0000000
 002070   62983739101   041924            2   001   250726   00   000000   0   000000000000000   000   000000000000000   000   000000000000000      000000000000616586   000   000000000616586   0   0000000000   A   0   0000000000   A   000000   000000   000000000000000   000000000000000   0000A0000000
 002070   62983739101   032971            2   001   250726   00   000000   0   000000000000000   000   000000000000000   000   000000000000000      000000000000683024   000   000000000683024   0   0000000000   A   0   0000000000   A   000000   000000   000000000000000   000000000000000   0000A0000000
 002070   62983739101   029366            2   006   250726   00   000000   0   000000000000000   000   000000000000000   000   000000000000000      000000000000528681   000   000000003172084   0   0000000000   A   0   0000000000   A   000000   000000   000000000000000   000000000000000   0000A0000000
 002070   62983739101   058373            2   006   250726   00   000000   0   000000000000000   000   000000000000000   000   000000000000000      000000000000389168   000   000000002335009   0   0000000000   A   0   0000000000   A   000000   000000   000000000000000   000000000000000   0000A0000000
 002070   62983739101   022323            2   003   250726   00   000000   0   000000000000000   000   000000000000000   000   000000000000000      000000000002098942   000   000000006296827   0   0000000000   A   0   0000000000   A   000000   000000   000000000000000   000000000000000   0000A0000000
 002070   62983739101   053175            2   008   250726   00   000000   0   000000000000000   000   000000000000000   000   000000000000000      000000000004058997   000   000000032471978   0   0000000000   A   0   0000000000   A   000000   000000   000000000000000   000000000000000   0000A0000000
 002070   62983739101   026109            2   004   250726   00   000000   0   000000000000000   000   000000000000000   000   000000000000000      000000000000585000   000   000000002340000   0   0000000000   A   0   0000000000   A   000000   000000   000000000000000   000000000000000   0000A0000000
 002070   62983739101   058606            2   006   250726   00   000000   0   000000000000000   000   000000000000000   000   000000000000000      000000000000487627   000   000000002925763   0   0000000000   A   0   0000000000   A   000000   000000   000000000000000   000000000000000   0000A0000000
 002070   62983739101   056867            2   002   250726   00   000000   0   000000000000000   000   000000000000000   000   000000000000000      000000000003573728   000   000000007147456   0   0000000000   A   0   0000000000   A   000000   000000   000000000000000   000000000000000   0000A0000000
 002070   62983739101   040318            2   006   250726   00   000000   0   000000000000000   000   000000000000000   000   000000000000000      000000000003936402   000   000000023618412   0   0000000000   A   0   0000000000   A   000000   000000   000000000000000   000000000000000   0000A0000000
 002070   62983739101   032971            2   005   250726   00   000000   0   000000000000000   000   000000000000000   000   000000000000000      000000000000683024   000   000000003415118   0   0000000000   A   0   0000000000   A   000000   000000   000000000000000   000000000000000   0000A0000000
 002070   62983739101   041924            2   002   250726   00   000000   0   000000000000000   000   000000000000000   000   000000000000000      000000000000616586   000   000000001233173   0   0000000000   A   0   0000000000   A   000000   000000   000000000000000   000000000000000   0000A0000000
 002070   62983739101   026109            2   003   250726   00   000000   0   000000000000000   000   000000000000000   000   000000000000000      000000000000585000   000   000000001755000   0   0000000000   A   0   0000000000   A   000000   000000   000000000000000   000000000000000   0000A0000000
 002070   62983739101   930306            2   003   250726   00   000000   0   000000000000000   000   000000000000000   000   000000000000000      000000000000047855   000   000000000143564   0   0000000000   A   0   0000000000   A   000000   000000   000000000000000   000000000000000   0000A0000000
 002070   62983739101   053986            2   001   250726   00   000000   0   000000000000000   000   000000000000000   000   000000000000000      000000000000238054   000   000000000238054   0   0000000000   A   0   0000000000   A   000000   000000   000000000000000   000000000000000   0000A0000000
 002070   62983739101   053986            2   002   260726   00   000000   0   000000000000000   000   000000000000000   000   000000000000000      000000000000238054   000   000000000476107   0   0000000000   A   0   0000000000   A   000000   000000   000000000000000   000000000000000   0000A0000000
 002070   62983739101   930306            2   001   260726   00   000000   0   000000000000000   000   000000000000000   000   000000000000000      000000000000382801   000   000000000382801   0   0000000000   A   0   0000000000   A   000000   000000   000000000000000   000000000000000   0000A0000000
 002070   62983739101   930306            2   002   260726   00   000000   0   000000000000000   000   000000000000000   000   000000000000000      000000000000381150   000   000000000762300   0   0000000000   A   0   0000000000   A   000000   000000   000000000000000   000000000000000   0000A0000000
 002070   62983739101   053986            2   001   260726   00   000000   0   000000000000000   000   000000000000000   000   000000000000000      000000000000238054   000   000000000238054   0   0000000000   A   0   0000000000   A   000000   000000   000000000000000   000000000000000   0000A0000000
 002070   62983739101   053986            2   001   260726   00   000000   0   000000000000000   000   000000000000000   000   000000000000000      000000000000238054   000   000000000238054   0   0000000000   A   0   0000000000   A   000000   000000   000000000000000   000000000000000   0000A0000000
 002070   62983739101   058606            2   001   270726   00   000000   0   000000000000000   000   000000000000000   000   000000000000000      000000000000487627   000   000000000487627   0   0000000000   A   0   0000000000   A   000000   000000   000000000000000   000000000000000   0000A0000000
 002070   62983739101   053986            2   002   270726   00   000000   0   000000000000000   000   000000000000000   000   000000000000000      000000000000238054   000   000000000476107   0   0000000000   A   0   0000000000   A   000000   000000   000000000000000   000000000000000   0000A0000000
 002070   62983739101   930306            2   002   270726   00   000000   0   000000000000000   000   000000000000000   000   000000000000000      000000000002472750   000   000000004945500   0   0000000000   A   0   0000000000   A   000000   000000   000000000000000   000000000000000   0000A0000000
 002070   62983739101   058606            2   001   270726   00   000000   0   000000000000000   000   000000000000000   000   000000000000000      000000000000487627   000   000000000487627   0   0000000000   A   0   0000000000   A   000000   000000   000000000000000   000000000000000   0000A0000000
 002070   62983739101   029366            2   002   270726   00   000000   0   000000000000000   000   000000000000000   000   000000000000000      000000000000528680   000   000000001057361   0   0000000000   A   0   0000000000   A   000000   000000   000000000000000   000000000000000   0000A0000000
 002070   62983739101   058373            2   003   270726   00   000000   0   000000000000000   000   000000000000000   000   000000000000000      000000000000389168   000   000000001167504   0   0000000000   A   0   0000000000   A   000000   000000   000000000000000   000000000000000   0000A0000000
 002070   62983739101   022323            2   002   270726   00   000000   0   000000000000000   000   000000000000000   000   000000000000000      000000000002098942   000   000000004197884   0   0000000000   A   0   0000000000   A   000000   000000   000000000000000   000000000000000   0000A0000000
 002070   62983739101   040318            2   002   270726   00   000000   0   000000000000000   000   000000000000000   000   000000000000000      000000000003936402   000   000000007872804   0   0000000000   A   0   0000000000   A   000000   000000   000000000000000   000000000000000   0000A0000000
 002070   62983739101   058606            2   002   270726   00   000000   0   000000000000000   000   000000000000000   000   000000000000000      000000000000487627   000   000000000975254   0   0000000000   A   0   0000000000   A   000000   000000   000000000000000   000000000000000   0000A0000000
 002070   62983739101   053175            2   002   270726   00   000000   0   000000000000000   000   000000000000000   000   000000000000000      000000000004058998   000   000000008117995   0   0000000000   A   0   0000000000   A   000000   000000   000000000000000   000000000000000   0000A0000000
 002070   62983739101   026109            2   001   270726   00   000000   0   000000000000000   000   000000000000000   000   000000000000000      000000000000585000   000   000000000585000   0   0000000000   A   0   0000000000   A   000000   000000   000000000000000   000000000000000   0000A0000000
 002070   62983739101   053986            2   001   270726   00   000000   0   000000000000000   000   000000000000000   000   000000000000000      000000000000238054   000   000000000238054   0   0000000000   A   0   0000000000   A   000000   000000   000000000000000   000000000000000   0000A0000000
 002070   62983739101   930306            2   001   270726   00   000000   0   000000000000000   000   000000000000000   000   000000000000000      000000000000382801   000   000000000382801   0   0000000000   A   0   0000000000   A   000000   000000   000000000000000   000000000000000   0000A0000000
 002070   62983739101   930306            2   001   270726   00   000000   0   000000000000000   000   000000000000000   000   000000000000000      000000000000382801   000   000000000382801   0   0000000000   A   0   0000000000   A   000000   000000   000000000000000   000000000000000   0000A0000000
 002070   62983739101   930306            2   001   270726   00   000000   0   000000000000000   000   000000000000000   000   000000000000000      000000000000381150   000   000000000381150   0   0000000000   A   0   0000000000   A   000000   000000   000000000000000   000000000000000   0000A0000000
 002070   63056736001   053175            2   001   300726   00   000000   0   000000000000000   000   000000000000000   000   000000000000000      000000000004058997   000   000000004058997   0   0000000000   A   0   0000000000   A   000000   000000   000000000000000   000000000000000   0000A0000000
 002070   63056736001   029366            2   001   300726   00   000000   0   000000000000000   000   000000000000000   000   000000000000000      000000000000528681   000   000000000528681   0   0000000000   A   0   0000000000   A   000000   000000   000000000000000   000000000000000   0000A0000000
 002070   63056736001   058606            2   001   300726   00   000000   0   000000000000000   000   000000000000000   000   000000000000000      000000000000487627   000   000000000487627   0   0000000000   A   0   0000000000   A   000000   000000   000000000000000   000000000000000   0000A0000000
 002070   61781726901   930306            2   001   300726   00   000000   0   000000000000000   000   000000000000000   000   000000000000000      000000000000382801   000   000000000382801   0   0000000000   A   0   0000000000   A   000000   000000   000000000000000   000000000000000   0000A0000000
 002070   61781726901   930306            2   001   300726   00   000000   0   000000000000000   000   000000000000000   000   000000000000000      000000000000168489   000   000000000168489   0   0000000000   A   0   0000000000   A   000000   000000   000000000000000   000000000000000   0000A0000000
 002070   61781726901   930306            2   001   300726   00   000000   0   000000000000000   000   000000000000000   000   000000000000000      000000000000381150   000   000000000381150   0   0000000000   A   0   0000000000   A   000000   000000   000000000000000   000000000000000   0000A0000000
 002070   61781726901   930306            2   001   300726   00   000000   0   000000000000000   000   000000000000000   000   000000000000000      000000000002472750   000   000000002472750   0   0000000000   A   0   0000000000   A   000000   000000   000000000000000   000000000000000   0000A0000000
 002070   61781726901   053175            2   001   300726   00   000000   0   000000000000000   000   000000000000000   000   000000000000000      000000000004058997   000   000000004058997   0   0000000000   A   0   0000000000   A   000000   000000   000000000000000   000000000000000   0000A0000000
 002070   61781726901   930306            2   003   300726   00   000000   0   000000000000000   000   000000000000000   000   000000000000000      000000000000047855   000   000000000143564   0   0000000000   A   0   0000000000   A   000000   000000   000000000000000   000000000000000   0000A0000000
 002070   61781726901   058373            2   001   310726   00   000000   0   000000000000000   000   000000000000000   000   000000000000000      000000000000389168   000   000000000389168   0   0000000000   A   0   0000000000   A   000000   000000   000000000000000   000000000000000   0000A0000000
 002070   61781726901   029366            2   001   310726   00   000000   0   000000000000000   000   000000000000000   000   000000000000000      000000000000528681   000   000000000528681   0   0000000000   A   0   0000000000   A   000000   000000   000000000000000   000000000000000   0000A0000000
 002070   61781726901   053175            2   001   310726   00   000000   0   000000000000000   000   000000000000000   000   000000000000000      000000000004058997   000   000000004058997   0   0000000000   A   0   0000000000   A   000000   000000   000000000000000   000000000000000   0000A0000000
 002070   61781726901   053175            2   001   310726   00   000000   0   000000000000000   000   000000000000000   000   000000000000000      000000000004058997   000   000000004058997   0   0000000000   A   0   0000000000   A   000000   000000   000000000000000   000000000000000   0000A0000000
 002070   61781726901   029366            2   001   310726   00   000000   0   000000000000000   000   000000000000000   000   000000000000000      000000000000528681   000   000000000528681   0   0000000000   A   0   0000000000   A   000000   000000   000000000000000   000000000000000   0000A0000000
 002070   61781726901   058373            2   002   310726   00   000000   0   000000000000000   000   000000000000000   000   000000000000000      000000000000389168   000   000000000778336   0   0000000000   A   0   0000000000   A   000000   000000   000000000000000   000000000000000   0000A0000000
 002070   62983739101   170101            2   001   240726   00   000000   0   000000000794314   000   000000000000000   000   000000000000000      000000000000000000   000   000000000794314   0   0000000000   A   0   0000000000   A   000000   000000   000000000000000   000000000000000   0000A0000000
 002070   62983739101   185238            2   001   240726   00   000000   0   000000004461403   000   000000000000000   000   000000000000000      000000000000000000   000   000000004461403   0   0000000000   A   0   0000000000   A   000000   000000   000000000000000   000000000000000   0000A0000000
 002070   62983739101   250181            2   006   240726   00   000000   0   000000000588462   000   000000000000000   000   000000000000000      000000000000000000   000   000000003530772   0   0000000000   A   0   0000000000   A   000000   000000   000000000000000   000000000000000   0000A0000000
 002070   63056736001   340907            2   001   300726   00   000000   0   000000000000000   000   000000000000000   000   000000000000000      000000000003464134   000   000000003464134   0   0000000000   A   0   0000000000   A   000000   000000   000000000000000   000000000000000   0000A0000000
 002070   61781726901   170101            2   001   300726   00   000000   0   000000000794314   000   000000000000000   000   000000000000000      000000000000000000   000   000000000794314   0   0000000000   A   0   0000000000   A   000000   000000   000000000000000   000000000000000   0000A0000000
 002070   61781726901   420303            2   001   300726   00   000000   0   000000000000000   000   000000000000000   000   000000000000000      000000000001402194   000   000000001402194   0   0000000000   A   0   0000000000   A   000000   000000   000000000000000   000000000000000   0000A0000000
 002070   61781726901   250181            2   001   300726   00   000000   0   000000000000000   000   000000000000000   000   000000000000000      000000000000588462   000   000000000588462   0   0000000000   A   0   0000000000   A   000000   000000   000000000000000   000000000000000   0000A0000000
