 002070   62451881601   40297X1           1   026   300420   00   000000   0   000000000000000   000   000000000000000   000   000000000000000      000000000000521785   000   000000000521785   0   0000000000   A   0   0000000000   A   000000   000000   000000000000000   000000000000000   0000A0000000
 002070   62451881601   034031            1   001   300426   00   000000   0   000000000000000   000   000000000000000   000   000000000000000      000000000001143847   000   000000001143847   0   0000000000   A   0   0000000000   A   000000   000000   000000000000000   000000000000000   0000A0000000
 002070   62451881601   058373            1   001   300426   00   000000   0   000000000000000   000   000000000000000   000   000000000000000      000000000000367140   000   000000000367140   0   0000000000   A   0   0000000000   A   000000   000000   000000000000000   000000000000000   0000A0000000
 002070   62451881601   058606            1   001   020526   00   000000   0   000000000000000   000   000000000000000   000   000000000000000      000000000000460026   000   000000000460026   0   0000000000   A   0   0000000000   A   000000   000000   000000000000000   000000000000000   0000A0000000
 002070   62451881601   053609            1   001   020526   00   000000   0   000000000000000   000   000000000000000   000   000000000000000      000000000000533176   000   000000000533176   0   0000000000   A   0   0000000000   A   000000   000000   000000000000000   000000000000000   0000A0000000
 002070   62451881601   034031            1   001   020526   00   000000   0   000000000000000   000   000000000000000   000   000000000000000      000000000001143847   000   000000001143847   0   0000000000   A   0   0000000000   A   000000   000000   000000000000000   000000000000000   0000A0000000
 002070   63074491101   032583            1   001   040526   00   000000   0   000000000000000   000   000000000000000   000   000000000000000      000000000000747275   000   000000000747275   0   0000000000   A   0   0000000000   A   000000   000000   000000000000000   000000000000000   0000A0000000
 002070   63074491101   053609            1   001   040526   00   000000   0   000000000000000   000   000000000000000   000   000000000000000      000000000000533176   000   000000000533176   0   0000000000   A   0   0000000000   A   000000   000000   000000000000000   000000000000000   0000A0000000
 002070   63074491101   034031            1   001   040526   00   000000   0   000000000000000   000   000000000000000   000   000000000000000      000000000001143847   000   000000001143847   0   0000000000   A   0   0000000000   A   000000   000000   000000000000000   000000000000000   0000A0000000
 002070   62831491306   058606            1   001   050526   00   000000   0   000000000000000   000   000000000000000   000   000000000000000      000000000000460026   000   000000000460026   0   0000000000   A   0   0000000000   A   000000   000000   000000000000000   000000000000000   0000A0000000
 002070   62831491306   053609            1   001   050526   00   000000   0   000000000000000   000   000000000000000   000   000000000000000      000000000000533176   000   000000000533176   0   0000000000   A   0   0000000000   A   000000   000000   000000000000000   000000000000000   0000A0000000
 002070   62831491306   034031            1   001   050526   00   000000   0   000000000000000   000   000000000000000   000   000000000000000      000000000001143847   000   000000001143847   0   0000000000   A   0   0000000000   A   000000   000000   000000000000000   000000000000000   0000A0000000
 002070   61781726901   058606            1   001   080526   00   000000   0   000000000000000   000   000000000000000   000   000000000000000      000000000000460026   000   000000000460026   0   0000000000   A   0   0000000000   A   000000   000000   000000000000000   000000000000000   0000A0000000
 002070   61781726901   032581            1   001   080526   00   000000   0   000000000000000   000   000000000000000   000   000000000000000      000000000000499670   000   000000000499670   0   0000000000   A   0   0000000000   A   000000   000000   000000000000000   000000000000000   0000A0000000
 002070   62851600103   034031            1   001   110526   00   000000   0   000000000000000   000   000000000000000   000   000000000000000      000000000001143847   000   000000001143847   0   0000000000   A   0   0000000000   A   000000   000000   000000000000000   000000000000000   0000A0000000
 002070   62851600103   058606            1   001   110526   00   000000   0   000000000000000   000   000000000000000   000   000000000000000      000000000000460026   000   000000000460026   0   0000000000   A   0   0000000000   A   000000   000000   000000000000000   000000000000000   0000A0000000
 002070   62851600103   053609            1   001   110526   00   000000   0   000000000000000   000   000000000000000   000   000000000000000      000000000000533176   000   000000000533176   0   0000000000   A   0   0000000000   A   000000   000000   000000000000000   000000000000000   0000A0000000
 002070   62340469802   058373            1   001   140526   00   000000   0   000000000000000   000   000000000000000   000   000000000000000      000000000000367140   000   000000000367140   0   0000000000   A   0   0000000000   A   000000   000000   000000000000000   000000000000000   0000A0000000
 002070   62340469802   058606            1   001   140526   00   000000   0   000000000000000   000   000000000000000   000   000000000000000      000000000000460026   000   000000000460026   0   0000000000   A   0   0000000000   A   000000   000000   000000000000000   000000000000000   0000A0000000
 002070   62340469802   029366            1   001   140526   00   000000   0   000000000000000   000   000000000000000   000   000000000000000      000000000000498756   000   000000000498756   0   0000000000   A   0   0000000000   A   000000   000000   000000000000000   000000000000000   0000A0000000
 002070   62015110101   034031            1   001   160526   00   000000   0   000000000000000   000   000000000000000   000   000000000000000      000000000001143847   000   000000001143847   0   0000000000   A   0   0000000000   A   000000   000000   000000000000000   000000000000000   0000A0000000
 002070   62015110101   058606            1   001   160526   00   000000   0   000000000000000   000   000000000000000   000   000000000000000      000000000000460026   000   000000000460026   0   0000000000   A   0   0000000000   A   000000   000000   000000000000000   000000000000000   0000A0000000
 002070   63317391501   058606            1   001   190526   00   000000   0   000000000000000   000   000000000000000   000   000000000000000      000000000000460026   000   000000000460026   0   0000000000   A   0   0000000000   A   000000   000000   000000000000000   000000000000000   0000A0000000
 002070   63317391501   029366            1   001   190526   00   000000   0   000000000000000   000   000000000000000   000   000000000000000      000000000000498756   000   000000000498756   0   0000000000   A   0   0000000000   A   000000   000000   000000000000000   000000000000000   0000A0000000
 002070   62554601504   034031            1   001   210526   00   000000   0   000000000000000   000   000000000000000   000   000000000000000      000000000001182738   000   000000001182738   0   0000000000   A   0   0000000000   A   000000   000000   000000000000000   000000000000000   0000A0000000
 002070   62554601504   058606            1   001   210526   00   000000   0   000000000000000   000   000000000000000   000   000000000000000      000000000000460026   000   000000000460026   0   0000000000   A   0   0000000000   A   000000   000000   000000000000000   000000000000000   0000A0000000
 002070   62554601504   053609            1   001   210526   00   000000   0   000000000000000   000   000000000000000   000   000000000000000      000000000000533176   000   000000000533176   0   0000000000   A   0   0000000000   A   000000   000000   000000000000000   000000000000000   0000A0000000
 002070   62831491307   034031            1   001   270526   00   000000   0   000000000000000   000   000000000000000   000   000000000000000      000000000001182738   000   000000001182738   0   0000000000   A   0   0000000000   A   000000   000000   000000000000000   000000000000000   0000A0000000
 002070   62831491307   053609            1   001   270526   00   000000   0   000000000000000   000   000000000000000   000   000000000000000      000000000000533176   000   000000000533176   0   0000000000   A   0   0000000000   A   000000   000000   000000000000000   000000000000000   0000A0000000
 002070   63319766001   034031            1   001   290526   00   000000   0   000000000000000   000   000000000000000   000   000000000000000      000000000001182738   000   000000001182738   0   0000000000   A   0   0000000000   A   000000   000000   000000000000000   000000000000000   0000A0000000
 002070   63319766001   058606            1   001   290526   00   000000   0   000000000000000   000   000000000000000   000   000000000000000      000000000000460026   000   000000000460026   0   0000000000   A   0   0000000000   A   000000   000000   000000000000000   000000000000000   0000A0000000
 002070   00000000000   040297            1   001   300526   00   000000   0   000000000000000   000   000000000000000   000   000000000000000      000000000000521785   000   000000000521785   0   0000000000   A   0   0000000000   A   000000   000000   000000000000000   000000000000000   0000A0000000
 002070   00000000000   930306            1   001   310526   00   000000   0   000000000000000   000   000000000000000   000   000000000000000      000000000000382801   000   000000000382801   0   0000000000   A   0   0000000000   A   000000   000000   000000000000000   000000000000000   0000A0000000
 002070   00000000000   026109            1   001   310526   00   000000   0   000000000000000   000   000000000000000   000   000000000000000      000000000000585000   000   000000000585000   0   0000000000   A   0   0000000000   A   000000   000000   000000000000000   000000000000000   0000A0000000
 002070   00000000000   058373            1   001   310526   00   000000   0   000000000000000   000   000000000000000   000   000000000000000      000000000000367140   000   000000000367140   0   0000000000   A   0   0000000000   A   000000   000000   000000000000000   000000000000000   0000A0000000
 002070   00000000000   930306            1   001   310526   00   000000   0   000000000000000   000   000000000000000   000   000000000000000      000000000000168489   000   000000000168489   0   0000000000   A   0   0000000000   A   000000   000000   000000000000000   000000000000000   0000A0000000
 002070   00000000000   029366            1   001   310526   00   000000   0   000000000000000   000   000000000000000   000   000000000000000      000000000000498756   000   000000000498756   0   0000000000   A   0   0000000000   A   000000   000000   000000000000000   000000000000000   0000A0000000
 002070   00000000000   053175            1   002   310526   00   000000   0   000000000000000   000   000000000000000   000   000000000000000      000000000003723914   000   000000007447829   0   0000000000   A   0   0000000000   A   000000   000000   000000000000000   000000000000000   0000A0000000
 002070   63225324902   034031            1   001   310526   00   000000   0   000000000000000   000   000000000000000   000   000000000000000      000000000001182738   000   000000001182738   0   0000000000   A   0   0000000000   A   000000   000000   000000000000000   000000000000000   0000A0000000
 002070   63225324902   053609            1   001   310526   00   000000   0   000000000000000   000   000000000000000   000   000000000000000      000000000000533176   000   000000000533176   0   0000000000   A   0   0000000000   A   000000   000000   000000000000000   000000000000000   0000A0000000
 002070   61276774302   420266            1   001   290426   00   000000   0   000000000000000   000   000000000000000   000   000000000000000      000000000001297335   000   000000001297335   0   0000000000   A   0   0000000000   A   000000   000000   000000000000000   000000000000000   0000A0000000
 002070   63209478701   180125            1   001   300426   00   000000   0   000000000000000   000   000000000000000   000   000000000000000      000000000004461403   000   000000004461403   0   0000005480   A   0   0000000000   A   000000   000000   000000000000000   000000000000000   0000A0000000
 002070   63209478701   185238            1   001   300426   00   000000   0   000000000000000   000   000000000000000   000   000000000000000      000000000004461403   000   000000004461403   0   0000005480   A   0   0000000000   A   000000   000000   000000000000000   000000000000000   0000A0000000
 002070   62451881601   420266            1   001   300426   00   000000   0   000000000000000   000   000000000000000   000   000000000000000      000000000001234702   000   000000001234702   0   0000000000   A   0   0000000000   A   000000   000000   000000000000000   000000000000000   0000A0000000
 002070   62451881601   420266            1   001   020526   00   000000   0   000000000000000   000   000000000000000   000   000000000000000      000000000001234702   000   000000001234702   0   0000000000   A   0   0000000000   A   000000   000000   000000000000000   000000000000000   0000A0000000
 002070   62336936102   420266            1   001   020526   00   000000   0   000000000000000   000   000000000000000   000   000000000000000      000000000001251357   000   000000001251357   0   0000000000   A   0   0000000000   A   000000   000000   000000000000000   000000000000000   0000A0000000
 002070   63074491101   420266            1   001   040526   00   000000   0   000000000000000   000   000000000000000   000   000000000000000      000000000001251357   000   000000001251357   0   0000000000   A   0   0000000000   A   000000   000000   000000000000000   000000000000000   0000A0000000
 002070   63108316102   420266            1   001   040526   00   000000   0   000000000000000   000   000000000000000   000   000000000000000      000000000001234702   000   000000001234702   0   0000000000   A   0   0000000000   A   000000   000000   000000000000000   000000000000000   0000A0000000
 002070   62831491306   420266            1   001   050526   00   000000   0   000000000000000   000   000000000000000   000   000000000000000      000000000001234702   000   000000001234702   0   0000000000   A   0   0000000000   A   000000   000000   000000000000000   000000000000000   0000A0000000
 002070   61781726901   420266            1   001   080526   00   000000   0   000000000000000   000   000000000000000   000   000000000000000      000000000001251357   000   000000001251357   0   0000000000   A   0   0000000000   A   000000   000000   000000000000000   000000000000000   0000A0000000
 002070   63166956501   420266            1   001   080526   00   000000   0   000000000000000   000   000000000000000   000   000000000000000      000000000001297335   000   000000001297335   0   0000000000   A   0   0000000000   A   000000   000000   000000000000000   000000000000000   0000A0000000
 002070   62782127702   420266            1   001   100526   00   000000   0   000000000000000   000   000000000000000   000   000000000000000      000000000001234702   000   000000001234702   0   0000000000   A   0   0000000000   A   000000   000000   000000000000000   000000000000000   0000A0000000
 002070   62969454001   420266            1   001   110526   00   000000   0   000000000000000   000   000000000000000   000   000000000000000      000000000001297335   000   000000001297335   0   0000000000   A   0   0000000000   A   000000   000000   000000000000000   000000000000000   0000A0000000
 002070   61613645402   180125            1   001   110526   00   000000   0   000000000000000   000   000000000000000   000   000000000000000      000000000004461403   000   000000004461403   0   0000005480   A   0   0000000000   A   000000   000000   000000000000000   000000000000000   0000A0000000
 002070   62851600103   420266            1   001   110526   00   000000   0   000000000000000   000   000000000000000   000   000000000000000      000000000001234702   000   000000001234702   0   0000000000   A   0   0000000000   A   000000   000000   000000000000000   000000000000000   0000A0000000
 002070   61027491001   180125            1   001   120526   00   000000   0   000000000000000   000   000000000000000   000   000000000000000      000000000004461403   000   000000004461403   0   0000000000   A   0   0000000000   A   000000   000000   000000000000000   000000000000000   0000A0000000
 002070   00000000000   420266            1   001   120526   00   000000   0   000000000000000   000   000000000000000   000   000000000000000      000000000001234702   000   000000001234702   0   0000000000   A   0   0000000000   A   000000   000000   000000000000000   000000000000000   0000A0000000
 002070   62340469802   420266            1   001   140526   00   000000   0   000000000000000   000   000000000000000   000   000000000000000      000000000001297335   000   000000001297335   0   0000000000   A   0   0000000000   A   000000   000000   000000000000000   000000000000000   0000A0000000
 002070   61613645401   180125            1   001   150526   00   000000   0   000000000000000   000   000000000000000   000   000000000000000      000000000004461403   000   000000004461403   0   0000000000   A   0   0000000000   A   000000   000000   000000000000000   000000000000000   0000A0000000
 002070   15204457904   180125            1   001   150526   00   000000   0   000000000000000   000   000000000000000   000   000000000000000      000000000004461403   000   000000004461403   0   0000005480   A   0   0000000000   A   000000   000000   000000000000000   000000000000000   0000A0000000
 002070   02235147101   420266            1   001   160526   00   000000   0   000000000000000   000   000000000000000   000   000000000000000      000000000001251357   000   000000001251357   0   0000000000   A   0   0000000000   A   000000   000000   000000000000000   000000000000000   0000A0000000
 002070   62015110101   420266            1   001   160526   00   000000   0   000000000000000   000   000000000000000   000   000000000000000      000000000001234702   000   000000001234702   0   0000000000   A   0   0000000000   A   000000   000000   000000000000000   000000000000000   0000A0000000
 002070   63037288701   420266            1   001   180526   00   000000   0   000000000000000   000   000000000000000   000   000000000000000      000000000001297335   000   000000001297335   0   0000000000   A   0   0000000000   A   000000   000000   000000000000000   000000000000000   0000A0000000
 002070   63317391501   420266            1   001   190526   00   000000   0   000000000000000   000   000000000000000   000   000000000000000      000000000001297335   000   000000001297335   0   0000000000   A   0   0000000000   A   000000   000000   000000000000000   000000000000000   0000A0000000
 002070   63300879501   420266            1   001   200526   00   000000   0   000000000000000   000   000000000000000   000   000000000000000      000000000001297335   000   000000001297335   0   0000000000   A   0   0000000000   A   000000   000000   000000000000000   000000000000000   0000A0000000
 002070   62319260702   180125            1   001   210526   00   000000   0   000000000000000   000   000000000000000   000   000000000000000      000000000004461403   000   000000004461403   0   0000000000   A   0   0000000000   A   000000   000000   000000000000000   000000000000000   0000A0000000
 002070   62554601504   420266            1   001   210526   00   000000   0   000000000000000   000   000000000000000   000   000000000000000      000000000001297335   000   000000001297335   0   0000000000   A   0   0000000000   A   000000   000000   000000000000000   000000000000000   0000A0000000
 002070   62650334401   420266            1   001   240526   00   000000   0   000000000000000   000   000000000000000   000   000000000000000      000000000001297335   000   000000001297335   0   0000000000   A   0   0000000000   A   000000   000000   000000000000000   000000000000000   0000A0000000
 002070   61014909002   420266            1   001   250526   00   000000   0   000000000000000   000   000000000000000   000   000000000000000      000000000001297335   000   000000001297335   0   0000000000   A   0   0000000000   A   000000   000000   000000000000000   000000000000000   0000A0000000
 002070   15208205502   180125            1   001   260526   00   000000   0   000000004461403   000   000000000000000   000   000000000000000      000000000000000000   000   000000004461403   0   0000000000   A   0   0000000000   A   000000   000000   000000000000000   000000000000000   0000A0000000
 002070   15202625201   420266            1   001   260526   00   000000   0   000000000000000   000   000000000000000   000   000000000000000      000000000001297335   000   000000001297335   0   0000000000   A   0   0000000000   A   000000   000000   000000000000000   000000000000000   0000A0000000
 002070   63022675901   420266            1   001   270526   00   000000   0   000000000000000   000   000000000000000   000   000000000000000      000000000001297335   000   000000001297335   0   0000000000   A   0   0000000000   A   000000   000000   000000000000000   000000000000000   0000A0000000
 002070   62831491307   420266            1   001   270526   00   000000   0   000000000000000   000   000000000000000   000   000000000000000      000000000001297335   000   000000001297335   0   0000000000   A   0   0000000000   A   000000   000000   000000000000000   000000000000000   0000A0000000
 002070   15204747101   420266            1   001   280526   00   000000   0   000000000000000   000   000000000000000   000   000000000000000      000000000001297335   000   000000001297335   0   0000000000   A   0   0000000000   A   000000   000000   000000000000000   000000000000000   0000A0000000
 002070   61685166805   420266            1   001   290526   00   000000   0   000000000000000   000   000000000000000   000   000000000000000      000000000001314835   000   000000001314835   0   0000000000   A   0   0000000000   A   000000   000000   000000000000000   000000000000000   0000A0000000
 002070   63319766001   420266            1   001   290526   00   000000   0   000000000000000   000   000000000000000   000   000000000000000      000000000001297335   000   000000001297335   0   0000000000   A   0   0000000000   A   000000   000000   000000000000000   000000000000000   0000A0000000
 002070   00000000000   420266            1   001   300526   00   000000   0   000000000000000   000   000000000000000   000   000000000000000      000000000001297335   000   000000001297335   0   0000000000   A   0   0000000000   A   000000   000000   000000000000000   000000000000000   0000A0000000
 002070   61426631802   420266            1   001   300526   00   000000   0   000000000000000   000   000000000000000   000   000000000000000      000000000001297335   000   000000001297335   0   0000000000   A   0   0000000000   A   000000   000000   000000000000000   000000000000000   0000A0000000
 002070   00000000000   420266            1   001   310526   00   000000   0   000000000000000   000   000000000000000   000   000000000000000      000000000001297335   000   000000001297335   0   0000000000   A   0   0000000000   A   000000   000000   000000000000000   000000000000000   0000A0000000
 002070   63225324902   420266            1   001   310526   00   000000   0   000000000000000   000   000000000000000   000   000000000000000      000000000001297335   000   000000001297335   0   0000000000   A   0   0000000000   A   000000   000000   000000000000000   000000000000000   0000A0000000
 002070   35202973101   420266            1   001   260526   00   000000   0   000000001297335   000   000000000000000   000   000000000000000      000000000000000000   000   000000001297335   0   0000000000   A   0   0000000000   A   000000   000000   000000000000000   000000000000000   0000A0000000
