 002070   06322272727   36396X1           1   026   190620   00   000000   0   000000000000000   000   000000000000000   000   000000000000000      000000000000068558   000   000000000068558   0   0000000000   A   0   0000000000   A   000000   000000   000000000000000   000000000000000   0000A0000000
 002070   00000000000   058373            1   001   300626   00   000000   0   000000000000000   000   000000000000000   000   000000000000000      000000000000389168   000   000000000389168   0   0000000000   A   0   0000000000   A   000000   000000   000000000000000   000000000000000   0000A0000000
 002070   00000000000   058606            1   001   300626   00   000000   0   000000000000000   000   000000000000000   000   000000000000000      000000000000487627   000   000000000487627   0   0000000000   A   0   0000000000   A   000000   000000   000000000000000   000000000000000   0000A0000000
 002070   00000000000   029366            1   001   300626   00   000000   0   000000000000000   000   000000000000000   000   000000000000000      000000000000528681   000   000000000528681   0   0000000000   A   0   0000000000   A   000000   000000   000000000000000   000000000000000   0000A0000000
 002070   02212567602   180125            1   001   010626   00   000000   0   000000004461403   000   000000000000000   000   000000000000000      000000000000000000   000   000000004461403   0   0000005480   A   0   0000000000   A   000000   000000   000000000000000   000000000000000   0000A0000000
 002070   62287420801   180125            1   001   120626   00   000000   0   000000004461403   000   000000000000000   000   000000000000000      000000000000000000   000   000000004461403   0   0000000000   A   0   0000000000   A   000000   000000   000000000000000   000000000000000   0000A0000000
 002070   62944477201   420266            1   001   120626   00   000000   0   000000000000000   000   000000000000000   000   000000000000000      000000000001297335   000   000000001297335   0   0000000000   A   0   0000000000   A   000000   000000   000000000000000   000000000000000   0000A0000000
 002070   62965009701   420266            1   001   150626   00   000000   0   000000000000000   000   000000000000000   000   000000000000000      000000000001297335   000   000000001297335   0   0000000000   A   0   0000000000   A   000000   000000   000000000000000   000000000000000   0000A0000000
 002070   06322272727   420266            1   001   190626   00   000000   0   000000000000000   000   000000000000000   000   000000000000000      000000000001297335   000   000000001297335   0   0000000000   A   0   0000000000   A   000000   000000   000000000000000   000000000000000   0000A0000000
 002070   06322272727   420266            1   001   270626   00   000000   0   000000000000000   000   000000000000000   000   000000000000000      000000000001297335   000   000000001297335   0   0000000000   A   0   0000000000   A   000000   000000   000000000000000   000000000000000   0000A0000000
 002070   00000000000   420266            1   001   300626   00   000000   0   000000000000000   000   000000000000000   000   000000000000000      000000000001297335   000   000000001297335   0   0000000000   A   0   0000000000   A   000000   000000   000000000000000   000000000000000   0000A0000000
